Name	Genes (tot)	Stat (dist.dir.up)	p (dist.dir.up)	p adj (dist.dir.up)	Stat (dist.dir.dn)	p (dist.dir.dn)	p adj (dist.dir.dn)	Stat (non-dir.)	p (non-dir.)	p adj (non-dir.)	Genes (up)	Stat (mix.dir.up)	p (mix.dir.up)	p adj (mix.dir.up)	Genes (down)	Stat (mix.dir.dn)	p (mix.dir.dn)	p adj (mix.dir.dn)
5-Formyltetrahydrofolate	3	-0.8418	0.56886	0.99207	0.8418	0.48503	0.99472	2.3447	0.8483	0.93431	1	1.4997	0.61477	0.87516	2	1.8112	0.85429	0.943
ADP	149	18.213	0.001996	0.095276	5.1812	0.95808	1	63.828	0.003992	0.068149	89	49.108	0.001996	0.061054	59	42.187	0.14571	0.42161
AMP	52	18.373	0.001996	0.095276	-14.11	1	1	25.806	0.82036	0.92339	40	24.516	0.43713	0.80403	12	8.9601	0.92615	0.99634
ATP	194	20.878	0.001996	0.095276	4.5654	0.98403	1	69.647	0.021956	0.18305	121	52.346	0.003992	0.07984	72	47.431	0.11976	0.37212
H+	368	5.8828	0.18363	0.58436	53.245	0.001996	0.044661	119.06	0.001996	0.043368	190	72.02	0.001996	0.061054	178	96.784	0.001996	0.057415
5,10-Methenyltetrahydrofolate	4	0.27764	0.40519	0.89266	-0.27764	0.64671	1	2.8831	0.87425	0.94701	2	2.2662	0.7525	0.93388	2	1.8112	0.85429	0.943
Phosphate	160	17.633	0.001996	0.095276	4.1998	0.98004	1	65.868	0.005988	0.089446	90	50.832	0.001996	0.061054	70	41.945	0.38523	0.63781
Thiamin	5	2.2177	0.31537	0.76804	-1.6971	0.71457	1	5.8266	0.71457	0.8493	2	6.4577	0.34531	0.72992	3	2.2494	0.9002	0.98476
Thiamine diphosphate	2	-0.12791	0.48303	0.95539	0.12791	0.53094	1	1.8837	0.83832	0.9298	1	1.2263	0.67066	0.87536	1	1.4377	0.71657	0.89161
D-Ribulose 5-phosphate	5	7.7654	0.081836	0.46876	-1.923	0.72655	1	13.117	0.21756	0.57141	3	13.347	0.081836	0.45271	2	4.3931	0.58084	0.78619
D-Xylulose 5-phosphate	2	-4.3331	0.81437	1	4.3331	0.25349	0.7174	3.9994	0.61477	0.84387	0	NA	NA	NA	2	3.9994	0.62076	0.81812
10-Formyltetrahydrofolate	5	6.6779	0.11377	0.51558	-6.6779	0.93214	1	8.2795	0.53293	0.80445	4	8.2527	0.35729	0.74915	1	2.0081	0.62874	0.81812
N-Formylmethionyl-tRNA	1	-2.285	0.70459	1	2.285	0.2994	0.78238	2.0081	0.61477	0.84387	0	NA	NA	NA	1	2.0081	0.62874	0.81812
L-Methionyl-tRNA (Met)	2	3.2014	0.22754	0.63702	-3.2014	0.78443	1	6.166	0.37725	0.69355	1	6.712	0.16567	0.6332	1	2.0081	0.62874	0.81812
5,6,7,8-Tetrahydrofolate	9	8.9448	0.06986	0.45256	-8.9448	0.97605	1	9.7817	0.6986	0.8493	8	9.6651	0.52894	0.87317	1	2.0081	0.62874	0.81812
D-4-Phosphopantothenate	2	-0.36635	0.499	0.96677	0.36635	0.51697	1	0.55777	0.93214	0.97284	1	0.03314	0.85429	0.93661	1	0.75567	0.80639	0.90858
N-((R)-4-Phosphopantothenoyl)-L-cysteine	1	0.69544	0.42715	0.92119	-0.69544	0.57485	1	0.03314	0.86627	0.94394	1	0.03314	0.85429	0.93661	0	NA	NA	NA
CDP	7	-0.66414	0.57685	0.99764	5.6543	0.34132	0.84855	14.29	0.24351	0.5859	3	8.8897	0.22355	0.67294	4	11.206	0.35529	0.60325
CMP	7	-1.0449	0.61277	1	1.0449	0.56886	1	5.4101	0.88024	0.94701	4	2.5247	0.90419	0.93661	3	5.3488	0.64072	0.82887
CO2	34	-10.159	0.98204	1	33.665	0.001996	0.044661	36.747	0.00998	0.12554	12	11.926	0.57884	0.87516	22	36.875	0.017964	0.1869
CTP	15	-5.6652	0.8503	1	12.411	0.21158	0.66735	17.818	0.3493	0.67237	7	6.1596	0.81836	0.93661	8	18.637	0.1996	0.48081
L-Cysteine	20	17.613	0.003992	0.16813	-5.7933	0.96407	1	28.864	0.041916	0.26682	15	25.278	0.00998	0.15264	5	13.946	0.28144	0.52199
Pantetheine 4-phosphate	3	-0.24618	0.51896	0.97271	0.24618	0.52295	1	-0.38367	0.98004	0.9925	2	-1.0042	0.99002	0.99576	1	0.75567	0.80639	0.90858
Diphosphate	86	12.258	0.00998	0.20842	-1.6515	0.99002	1	38.108	0.55489	0.81989	54	30.092	0.24551	0.68339	31	25.232	0.57685	0.78355
dADP	8	5.7624	0.16766	0.56097	-0.77228	0.6986	1	9.7575	0.63273	0.84387	5	10.245	0.28543	0.68734	2	9.1215	0.28144	0.52199
dATP	8	-2.6137	0.69661	1	11.851	0.14172	0.57005	17.079	0.18962	0.52091	4	6.9536	0.47904	0.83659	4	17.2	0.10778	0.36523
dGDP	4	5.5698	0.11377	0.51558	1.0315	0.55289	1	16.194	0.085828	0.37464	3	10.968	0.13174	0.58053	1	13.391	0.087824	0.33528
dGMP	4	10.312	0.02994	0.31996	-8.0337	0.97206	1	11.953	0.22156	0.57977	3	12.847	0.08982	0.45908	1	1.656	0.68663	0.86985
GDP	15	2.9332	0.27345	0.71983	0.5233	0.77445	1	16.296	0.47106	0.7622	7	13.436	0.20359	0.65757	8	9.7454	0.73453	0.90475
GMP	9	5.9853	0.18164	0.58319	-5.9853	0.91816	1	8.7705	0.76647	0.88616	5	10.523	0.26347	0.68339	4	1.3912	0.97006	0.99634
Dimethylallyl diphosphate	4	-5.6432	0.87026	1	5.6432	0.3513	0.85846	7.0442	0.51896	0.79001	1	1.4871	0.61677	0.87516	3	7.2754	0.48503	0.69964
Farnesyl diphosphate	3	-3.3263	0.7505	1	3.3263	0.34331	0.85056	4.9489	0.57685	0.82795	1	1.4871	0.61677	0.87516	2	5.0096	0.51297	0.7278
Geranylgeranyl diphosphate	2	-2.997	0.71457	1	2.997	0.32934	0.83325	5.2571	0.46307	0.75632	1	1.4871	0.61677	0.87516	1	5.9477	0.26347	0.52199
Geranyl diphosphate	2	-2.997	0.71457	1	2.997	0.32934	0.83325	5.2571	0.46307	0.75632	1	1.4871	0.61677	0.87516	1	5.9477	0.26347	0.52199
Isopentenyl diphosphate	5	-6.2808	0.90818	1	6.2808	0.30539	0.78938	7.3926	0.60679	0.84387	1	1.4871	0.61677	0.87516	4	7.5216	0.58483	0.78619
Undecaprenyl diphosphate	8	-6.844	0.93613	1	6.844	0.33533	0.84244	4.1162	0.95409	0.98544	1	1.4871	0.61677	0.87516	6	7.4974	0.76647	0.90858
H2O	236	-1.1734	0.67864	1	40.338	0.005988	0.062137	90.861	0.001996	0.043368	112	53.177	0.001996	0.061054	123	75.854	0.001996	0.057415
5,10-Methylenetetrahydrofolate	3	3.6766	0.22754	0.63702	-3.6766	0.81038	1	3.1597	0.7505	0.87355	3	3.1597	0.78443	0.93661	0	NA	NA	NA
Nicotinamide adenine dinucleotide phosphate	47	-4.4356	0.80639	1	32.871	0.001996	0.044661	46.709	0.001996	0.043368	23	22.695	0.11178	0.52355	24	43.147	0.001996	0.057415
Nicotinamide adenine dinucleotide phosphate - reduced	46	-4.3814	0.82834	1	33.124	0.003992	0.062137	47.21	0.001996	0.043368	23	22.695	0.11178	0.52355	23	44.069	0.001996	0.057415
3-(4-Hydroxyphenyl)pyruvate	6	11.009	0.015968	0.21987	0.38103	0.59681	1	21.522	0.027944	0.21315	3	22.685	0.001996	0.061054	3	7.7522	0.45908	0.68028
(S)-3-Methyl-2-oxopentanoate	7	16.72	0.013972	0.20842	-11.921	0.98802	1	19.513	0.061876	0.32863	5	21.485	0.015968	0.22442	2	2.5343	0.78244	0.90858
4-Methyl-2-oxopentanoate	7	17.7	0.011976	0.20842	-10.724	0.98603	1	20.249	0.043912	0.26682	4	25.532	0.001996	0.061054	3	1.4486	0.94212	0.99634
N-Acetyl-L-2-amino-6-oxopimelate	5	13.207	0.01996	0.2464	-8.679	0.96806	1	16.633	0.093812	0.37464	3	19.404	0.007984	0.12974	2	2.5343	0.78244	0.90858
2-Oxoglutarate	11	15.231	0.005988	0.20416	-0.086763	0.70659	1	31.675	0.005988	0.089446	7	26.591	0.001996	0.061054	4	17.35	0.10579	0.36175
N6-Acetyl-LL-2,6-diaminoheptanedioate	5	14.614	0.00998	0.20842	-9.0964	0.97405	1	18.052	0.063872	0.33428	3	21.236	0.005988	0.10737	2	2.5343	0.78244	0.90858
L-Glutamate	51	29.745	0.001996	0.095276	-7.8435	0.998	1	48.215	0.001996	0.043368	37	44.468	0.001996	0.061054	14	19.734	0.34531	0.59515
L-Isoleucine	10	14.645	0.007984	0.20842	-10.311	0.98802	1	16.639	0.2515	0.59283	6	20.622	0.003992	0.07984	4	1.0527	0.98004	0.99634
Indolepyruvate	5	11.29	0.031936	0.32206	-6.7619	0.93413	1	14.66	0.16367	0.47899	3	16.857	0.027944	0.32291	2	2.5343	0.78244	0.90858
L-Leucine	9	14.138	0.013972	0.20842	-9.5705	0.98403	1	16.303	0.22754	0.5859	5	20.931	0.01996	0.27314	4	1.0527	0.98004	0.99634
L-Phenylalanine	8	11.312	0.033932	0.32832	-1.4481	0.72655	1	20.237	0.095808	0.37464	5	19.593	0.021956	0.28543	3	7.7522	0.45908	0.68028
Phenylpyruvate	6	11.009	0.015968	0.21987	0.38103	0.59681	1	21.522	0.027944	0.21315	3	22.685	0.001996	0.061054	3	7.7522	0.45908	0.68028
L-Tryptophan	6	11.575	0.013972	0.20842	-7.4418	0.96407	1	14.566	0.19561	0.53126	4	16.047	0.035928	0.35928	2	2.5343	0.78244	0.90858
L-Tyrosine	10	15.189	0.005988	0.20416	0.49952	0.68064	1	29.945	0.005988	0.089446	6	27.883	0.001996	0.061054	4	13.197	0.25549	0.52199
L-Glutamyl-tRNA(Glu)	5	1.9765	0.33733	0.80241	-1.9765	0.73054	1	6.2271	0.68862	0.8493	4	4.3539	0.76447	0.93661	1	5.2164	0.29142	0.52199
tRNA (Glu)	2	-2.3575	0.65269	1	2.3575	0.37924	0.90212	4.8912	0.50299	0.78542	1	1.7008	0.58283	0.87516	1	5.2164	0.29142	0.52199
tRNA(Gln)	1	2.0095	0.32335	0.77692	-2.0095	0.67864	1	1.7008	0.6487	0.8493	1	1.7008	0.58283	0.87516	0	NA	NA	NA
L-Glutamyl-tRNA(Gln)	1	2.0095	0.32335	0.77692	-2.0095	0.67864	1	1.7008	0.6487	0.8493	1	1.7008	0.58283	0.87516	0	NA	NA	NA
L-Glutamine	30	18.931	0.003992	0.16813	-5.2491	0.98004	1	31.807	0.05988	0.32281	24	27.324	0.027944	0.32291	6	16.474	0.1976	0.47836
Ammonium	25	3.531	0.27545	0.72225	2.131	0.73653	1	20.971	0.49701	0.78148	12	14.538	0.35928	0.75031	13	15.115	0.68263	0.86985
D-Glucose 6-phosphate	7	0.52082	0.46307	0.93135	-0.52082	0.68064	1	8.5232	0.65669	0.8493	4	5.7589	0.60279	0.87516	3	6.3697	0.55888	0.76339
D-Glucose	18	-16.4	1	1	37.955	0.001996	0.044661	32.546	0.005988	0.089446	5	5.112	0.78044	0.93661	13	35.127	0.005988	0.091504
Cytidine	6	-9.9747	0.98603	1	25.975	0.005988	0.062137	24.67	0.011976	0.12628	1	4.2148	0.32335	0.71551	5	25.14	0.01996	0.19138
dCMP	4	-0.8663	0.51098	0.97031	0.8663	0.56687	1	4.6986	0.73852	0.86241	1	4.2148	0.32335	0.71551	3	2.9921	0.84431	0.943
Deoxycytidine	3	0.11302	0.49501	0.96574	-0.11302	0.54491	1	4.4966	0.63273	0.84387	1	4.2148	0.32335	0.71551	2	2.5269	0.78244	0.90858
GTP	25	-0.25311	0.55888	0.99207	11.553	0.26946	0.73622	28.619	0.071856	0.3654	10	20.206	0.033932	0.35928	15	20.449	0.34132	0.59186
IDP	4	-2.04	0.61277	1	8.5719	0.24152	0.70295	10.169	0.29142	0.62002	2	3.8474	0.56687	0.87516	2	10.533	0.22355	0.51936
ITP	4	-2.04	0.61277	1	8.5719	0.24152	0.70295	10.169	0.29142	0.62002	2	3.8474	0.56687	0.87516	2	10.533	0.22355	0.51936
UMP	12	7.7223	0.073852	0.45256	-6.6707	0.97206	1	11.024	0.70858	0.8493	8	11.467	0.35729	0.74915	4	2.8774	0.92415	0.99634
Uridine	6	-9.9747	0.98603	1	25.975	0.005988	0.062137	24.67	0.011976	0.12628	1	4.2148	0.32335	0.71551	5	25.14	0.01996	0.19138
3-Phosphoadenylyl sulfate	1	4.3687	0.17565	0.57427	-4.3687	0.82635	1	4.2148	0.39721	0.70678	1	4.2148	0.32335	0.71551	0	NA	NA	NA
Adenosine 5-phosphosulfate	1	4.3687	0.17565	0.57427	-4.3687	0.82635	1	4.2148	0.39721	0.70678	1	4.2148	0.32335	0.71551	0	NA	NA	NA
L-Phenylalanyl-tRNA(Phe)	2	3.5561	0.20958	0.61249	-3.5561	0.80439	1	3.1957	0.69661	0.8493	2	3.1957	0.63872	0.87516	0	NA	NA	NA
tRNA(Phe)	2	3.5561	0.20958	0.61249	-3.5561	0.80439	1	3.1957	0.69661	0.8493	2	3.1957	0.63872	0.87516	0	NA	NA	NA
N-Formyl-L-methionine	2	1.18	0.39321	0.87164	-1.18	0.61876	1	0.38384	0.9481	0.98378	1	1.5417	0.61078	0.87516	1	-0.99883	0.98004	0.99634
Formate	7	10.603	0.037924	0.35265	-5.6657	0.90818	1	13.025	0.3014	0.62871	4	15.924	0.041916	0.38749	3	1.5089	0.94012	0.99634
L-Methionine	18	6.3683	0.11776	0.527	2.8693	0.65269	1	19.6	0.33333	0.65659	12	14.824	0.33333	0.71923	6	12.984	0.39721	0.63893
Deamino-NAD+	2	0.18235	0.45509	0.92975	-0.18235	0.55689	1	-0.32478	0.97405	0.98783	1	-2.9623e-05	0.85828	0.93661	1	-0.45927	0.95808	0.99634
Nicotinamide adenine dinucleotide	64	-8.272	0.96407	1	51.558	0.001996	0.044661	72.779	0.001996	0.043368	24	33.008	0.001996	0.061054	40	66.491	0.001996	0.057415
Nicotinate D-ribonucleotide	5	-1.8921	0.63273	1	1.8921	0.53094	1	4.5435	0.81437	0.91809	2	2.1896	0.77046	0.93661	3	4.0778	0.74651	0.90806
Nicotinamide D-ribonucleotide	2	-0.91591	0.55689	0.99207	0.91591	0.46307	0.98095	1.1709	0.88822	0.94701	1	-2.9623e-05	0.85828	0.93661	1	1.656	0.68663	0.86985
NMN C11H14N2O8P	5	15.392	0.00998	0.20842	-10.219	0.98403	1	14.746	0.15968	0.46923	5	14.746	0.0998	0.49425	0	NA	NA	NA
D-Alanine	11	6.5208	0.11976	0.52931	-6.5208	0.9501	1	12.46	0.59082	0.83719	8	10.94	0.3992	0.77457	3	5.9928	0.59281	0.78875
D-Alanyl-D-alanine	2	-4.604	0.84631	1	4.604	0.22954	0.70295	4.3163	0.56886	0.82733	0	NA	NA	NA	2	4.3163	0.58683	0.78619
D-Alanyl-D-lactate	2	-4.604	0.84631	1	4.604	0.22954	0.70295	4.3163	0.56886	0.82733	0	NA	NA	NA	2	4.3163	0.58683	0.78619
D-Lactate	5	6.4806	0.11577	0.52132	5.2041	0.36727	0.88839	20.333	0.025948	0.20904	3	14.458	0.06986	0.42738	2	14.442	0.15369	0.43193
Phosphoenolpyruvate	6	-5.9766	0.89022	1	16.643	0.0499	0.35028	13.756	0.22754	0.5859	2	2.7258	0.69661	0.87536	4	14.92	0.16766	0.44318
UDP-N-acetyl-3-O-(1-carboxyvinyl)-D-glucosamine	3	0.089623	0.501	0.96677	-0.089623	0.53892	1	2.6267	0.80838	0.91277	1	2.663	0.47305	0.83659	2	1.334	0.88423	0.96948
UDP-N-acetyl-D-glucosamine	7	0.12642	0.50699	0.96801	-0.12642	0.64072	1	5.8069	0.86228	0.94102	3	4.626	0.62275	0.87516	4	3.6755	0.87824	0.96508
Uracil	16	-10.98	0.98603	1	30.793	0.005988	0.062137	34.244	0.001996	0.043368	4	10.951	0.1976	0.64222	12	33.218	0.005988	0.091504
5-Phospho-alpha-D-ribose 1-diphosphate	10	12.926	0.015968	0.21987	-10.804	0.99202	1	12.508	0.54291	0.80761	9	13.21	0.29741	0.68734	1	-0.076848	0.92415	0.99634
Acetaldehyde	10	-7.1983	0.93214	1	24.334	0.01996	0.17014	21.91	0.047904	0.27478	4	7.3184	0.43713	0.80403	6	22.311	0.03992	0.27417
L-Alanine	11	-4.5106	0.83832	1	8.4496	0.27545	0.74104	9.0471	0.84431	0.93278	6	1.7208	0.98603	0.99367	5	11.534	0.41317	0.65598
Glycine	8	6.083	0.15768	0.55654	2.0542	0.57685	1	15.487	0.24351	0.5859	6	11.208	0.24551	0.68339	2	11.562	0.20758	0.49517
Pyridoxamine 5-phosphate	4	-1.3936	0.56687	0.99207	7.9255	0.25749	0.72011	7.9588	0.46307	0.75632	3	2.5451	0.83433	0.93661	1	11.509	0.11577	0.36523
Pyridoxal 5-phosphate	4	0.27993	0.40519	0.89266	6.252	0.32735	0.83325	9.7258	0.31537	0.64141	3	4.5854	0.62675	0.87516	1	11.509	0.11577	0.36523
Pyruvate	28	-2.8836	0.74052	1	31.616	0.005988	0.062137	50.915	0.001996	0.043368	12	21.591	0.02994	0.33845	16	48.656	0.001996	0.057415
L-Serine	15	-0.28227	0.48902	0.95667	3.6554	0.62076	1	14.762	0.57685	0.82795	9	8.275	0.69062	0.87536	6	13.206	0.38124	0.6341
L-Threonine	6	0.5223	0.45908	0.92995	-0.52229	0.63673	1	10.836	0.39122	0.70678	4	6.776	0.499	0.85637	2	9.1866	0.28144	0.52199
L-Allo-threonine	2	4.1052	0.19162	0.58847	-4.1052	0.82236	1	3.7507	0.63473	0.84387	2	3.7507	0.57485	0.87516	0	NA	NA	NA
dTMP	4	5.7275	0.10978	0.51041	-5.6353	0.91617	1	7.2447	0.51098	0.7862	3	7.4094	0.32934	0.71923	1	1.656	0.68663	0.86985
dUMP	7	1.8952	0.36727	0.82176	-1.8255	0.75649	1	8.5601	0.6487	0.8493	3	8.1563	0.2515	0.68339	4	4.2604	0.84032	0.94247
Deoxyuridine	4	-1.9942	0.60679	1	8.6184	0.24152	0.70295	16.58	0.06986	0.35778	1	8.3121	0.11377	0.52355	3	14.345	0.14571	0.42161
Thymidine	4	-4.9556	0.83433	1	11.58	0.12176	0.51891	19.64	0.021956	0.18305	1	8.3121	0.11377	0.52355	3	17.879	0.06986	0.31631
meso-2,6-Diaminoheptanedioate	4	10.143	0.033932	0.32832	-9.4288	0.98403	1	9.4222	0.34331	0.6689	4	9.4222	0.26547	0.68339	0	NA	NA	NA
L-Lysine	5	9.4043	0.051896	0.3962	-8.7658	0.96806	1	9.1077	0.46906	0.7622	4	10.298	0.23353	0.67294	1	-0.23156	0.94611	0.99634
UDP-N-acetylmuramoyl-L-alanyl-D-glutamyl-L-lysine	2	0.11911	0.45709	0.92975	-0.11911	0.55489	1	4.8628	0.50499	0.78542	1	3.5267	0.38723	0.75984	1	3.3504	0.43114	0.66507
UDP-N-acetylmuramoyl-L-alanyl-D-glutamate	3	0.33008	0.48104	0.95539	-0.33008	0.55689	1	3.4026	0.72255	0.8493	2	1.9066	0.8004	0.93661	1	3.1971	0.43713	0.66576
UDP-N-acetylmuramoyl-L-alanyl-D-gamma-glutamyl-meso-2,6-diaminopimelate	3	0.24589	0.48303	0.95539	-0.24589	0.55489	1	3.4911	0.71457	0.8493	2	1.9066	0.8004	0.93661	1	3.3504	0.43114	0.66507
L-Arginine	16	19.21	0.005988	0.20416	1.608	0.65669	1	39.679	0.001996	0.043368	11	32.568	0.001996	0.061054	5	22.674	0.027944	0.22774
L-Ornithine	9	-2.3282	0.68064	1	17.968	0.0499	0.35028	27.825	0.005988	0.089446	4	14.485	0.063872	0.40504	5	24.375	0.023952	0.21296
L-Citrulline	3	2.0363	0.36128	0.82176	19.825	0.017964	0.15879	36.06	0.001996	0.043368	1	19.911	0.031936	0.35334	2	30.085	0.005988	0.091504
Ammonia	2	-7.3629	0.94411	1	16.6	0.0499	0.35028	16.399	0.043912	0.26682	0	NA	NA	NA	2	16.399	0.091816	0.33758
Cu2+	2	-7.4248	0.94611	1	7.4248	0.17764	0.6235	7.2417	0.30339	0.62871	0	NA	NA	NA	2	7.2417	0.38124	0.6341
Carbamoyl phosphate	7	8.4119	0.075848	0.45256	22.854	0.00998	0.094022	45.141	0.001996	0.043368	3	31.759	0.001996	0.061054	4	32.213	0.001996	0.057415
Bicarbonate	13	13.404	0.00998	0.20842	4.5637	0.4511	0.96702	31.716	0.003992	0.068149	10	22.516	0.00998	0.15264	3	24.914	0.013972	0.16267
Carbamate	1	-8.2095	1	1	21.273	0.10379	0.45314	21.273	0.043912	0.26682	0	NA	NA	NA	1	21.273	0.047904	0.27417
D-Fructose 6-phosphate	11	-1.8929	0.67465	1	5.8319	0.39122	0.9154	14.131	0.44112	0.75126	6	7.0823	0.60878	0.87516	5	13.202	0.32934	0.57517
beta-D-glucose 6-phosphate	2	-6.5902	0.92216	1	6.5902	0.18363	0.63212	6.3543	0.35729	0.67237	0	NA	NA	NA	2	6.3543	0.43114	0.66507
L-Histidine	9	23.625	0.001996	0.095276	-15.885	0.998	1	22.577	0.02994	0.22362	8	24.567	0.003992	0.07984	1	-1.7549	0.99601	0.998
D-Cysteine	8	27.305	0.001996	0.095276	-18.419	1	1	26.829	0.011976	0.12628	8	26.829	0.003992	0.07984	0	NA	NA	NA
D-Mannitol	4	9.7077	0.033932	0.32832	-3.1758	0.82834	1	11.136	0.24551	0.58873	2	14.836	0.045908	0.38749	2	0.91241	0.91617	0.99557
L-Proline	11	6.1045	0.14371	0.55654	0.8966	0.65269	1	19.684	0.13772	0.42748	6	16.094	0.05988	0.38922	5	11.566	0.41118	0.65494
L-Aspartate	13	19.214	0.001996	0.095276	-13.036	1	1	19.616	0.17166	0.48647	9	23.788	0.005988	0.10737	4	-0.31987	0.998	0.998
L-Aspartyl-tRNA(Asp)	1	-0.011582	0.51497	0.97031	0.011582	0.48902	0.99472	-2.3558	0.99002	0.99557	0	NA	NA	NA	1	-2.3558	0.998	0.998
tRNA(Asp)	1	-0.011582	0.51497	0.97031	0.011582	0.48902	0.99472	-2.3558	0.99002	0.99557	0	NA	NA	NA	1	-2.3558	0.998	0.998
Guanosine 3,5-bis(diphosphate)	4	-1.9345	0.6008	1	1.9345	0.501	1	6.1237	0.58882	0.83601	1	4.4865	0.30339	0.695	3	4.4807	0.71856	0.89182
Guanosine 3-diphosphate 5-triphosphate	6	3.0966	0.28144	0.72225	-1.4396	0.68862	1	10.073	0.43713	0.74964	2	11.808	0.077844	0.43526	4	3.987	0.8523	0.943
L-Lactate	12	-0.11522	0.50499	0.96677	17.605	0.057884	0.39099	30.049	0.001996	0.043368	6	14.585	0.087824	0.45908	6	27.911	0.007984	0.10845
Nicotinamide adenine dinucleotide - reduced	58	-10.588	0.98603	1	55.936	0.001996	0.044661	74.648	0.001996	0.043368	20	32.992	0.003992	0.07984	38	68.289	0.001996	0.057415
FAD	8	-7.3819	0.9481	1	7.3819	0.3014	0.78473	9.0664	0.68263	0.8493	4	0.60289	0.97804	0.98946	4	12.219	0.31936	0.56527
flavin mononucleotide	5	-3.725	0.77246	1	9.5674	0.17964	0.62743	14.422	0.17365	0.48827	2	5.3184	0.42315	0.78867	3	14.276	0.1477	0.42314
Riboflavin	8	-7.0586	0.94411	1	16.296	0.035928	0.26796	14.513	0.27745	0.61779	2	5.3184	0.42315	0.78867	6	13.687	0.34731	0.59515
Pseudouridine 5-phosphate	6	-1.5788	0.63473	1	1.5788	0.52495	1	10.783	0.3992	0.70678	2	8.1535	0.22555	0.67294	4	7.4404	0.59082	0.78875
alpha-D-Ribose 5-phosphate	16	-3.5751	0.79441	1	10.107	0.24152	0.70295	18.088	0.41317	0.72432	9	6.2349	0.87625	0.93661	7	20.277	0.12176	0.37212
L-Prolyl-tRNA(Pro)	1	-2.7179	0.72255	1	2.7179	0.27944	0.74104	2.48	0.54092	0.80761	0	NA	NA	NA	1	2.48	0.53693	0.7459
tRNA(Pro)	1	-2.7179	0.72255	1	2.7179	0.27944	0.74104	2.48	0.54092	0.80761	0	NA	NA	NA	1	2.48	0.53693	0.7459
CDPdiacylglycerol (LRE specific)	2	-1.1306	0.57086	0.99207	1.1306	0.4511	0.96702	0.54369	0.93413	0.97351	1	-0.77964	0.93812	0.96408	1	1.5485	0.70858	0.88618
CDPglycerol	1	-1.8753	0.66467	1	1.8753	0.33733	0.84449	1.5485	0.67665	0.8493	0	NA	NA	NA	1	1.5485	0.70858	0.88618
sn-Glycerol 3-phosphate	9	1.0251	0.45709	0.92975	-1.0251	0.71058	1	6.094	0.92016	0.96597	6	4.0086	0.90419	0.93661	3	4.8861	0.67465	0.86985
phosphatidic acid (Lb reuteri specific)	7	-1.312	0.62874	1	1.312	0.56287	1	8.1583	0.6986	0.8493	4	4.4059	0.75649	0.9366	3	7.3744	0.48104	0.698
all-trans-Decaprenyl diphosphate	1	-1.5229	0.63074	1	1.5229	0.37126	0.89201	1.137	0.72056	0.8493	0	NA	NA	NA	1	1.137	0.76248	0.90858
acyl carrier protein	5	8.5555	0.06986	0.45256	-7.9513	0.95409	1	7.7394	0.56687	0.82733	5	7.7394	0.51497	0.86943	0	NA	NA	NA
1-Acyl-sn-glycerol 3-phosphate	3	3.3792	0.24351	0.66295	-3.3792	0.78643	1	2.8161	0.78244	0.8919	3	2.8161	0.81038	0.93661	0	NA	NA	NA
cyclopropanoyl octadecanoyl-[acyl-carrier protein]	2	3.2692	0.22555	0.63702	-3.2692	0.78643	1	2.8813	0.73653	0.86241	2	2.8813	0.68463	0.87536	0	NA	NA	NA
Hexadecenoyl-ACP (n-C16:1ACP)	4	7.7057	0.073852	0.45256	-7.0301	0.95609	1	7.0414	0.51896	0.79001	4	7.0414	0.46906	0.83659	0	NA	NA	NA
Octadecanoyl-[acyl-carrier protein]	2	3.757	0.20359	0.60237	-3.757	0.81038	1	3.4111	0.67665	0.8493	2	3.4111	0.61277	0.87516	0	NA	NA	NA
Octadecynoyl-ACP (n-C18:2ACP)	2	2.0742	0.31138	0.76091	-2.0742	0.70259	1	1.3437	0.87425	0.94701	2	1.3437	0.86028	0.93661	0	NA	NA	NA
Octadecenoyl-ACP (n-C18:1ACP)	4	4.0391	0.16766	0.56097	-4.0391	0.86627	1	3.2694	0.85429	0.93802	4	3.2694	0.86627	0.93661	0	NA	NA	NA
Palmitoyl-ACP (n-C16:0ACP)	4	7.7057	0.073852	0.45256	-7.0301	0.95609	1	7.0414	0.51896	0.79001	4	7.0414	0.46906	0.83659	0	NA	NA	NA
Tetradecanoyl-[acyl-carrier protein]	3	8.5874	0.065868	0.45256	-7.8074	0.95609	1	8.2635	0.30339	0.62871	3	8.2635	0.24551	0.68339	0	NA	NA	NA
octadecatrienoyl-ACP (n-C18:3ACP)	1	2.3959	0.29341	0.73714	-2.3959	0.70858	1	2.1301	0.5988	0.84387	1	2.1301	0.54691	0.87516	0	NA	NA	NA
Acetoacetyl-CoA	3	-2.972	0.72056	1	10.514	0.15768	0.607	13.034	0.13772	0.42748	2	0.92106	0.8982	0.93661	1	21.273	0.047904	0.27417
Acetyl-CoA	19	-1.2928	0.61078	1	19.275	0.067864	0.42624	34.744	0.003992	0.068149	12	12.218	0.5509	0.87516	7	41.244	0.001996	0.057415
Coenzyme A	25	-9.6956	0.98603	1	30.598	0.003992	0.062137	39.529	0.001996	0.043368	12	8.9021	0.83234	0.93661	13	46.265	0.001996	0.057415
Hydroxymethylglutaryl-CoA	2	5.5841	0.14371	0.55654	-5.5841	0.88623	1	5.3316	0.45709	0.75632	2	5.3316	0.41916	0.78867	0	NA	NA	NA
But-2-enoyl-[acyl-carrier protein]	4	5.9587	0.10579	0.51041	-5.9587	0.92415	1	5.4245	0.66866	0.8493	4	5.4245	0.65469	0.87516	0	NA	NA	NA
trans-Dodec-2-enoyl-[acyl-carrier protein]	4	5.9587	0.10579	0.51041	-5.9587	0.92415	1	5.4245	0.66866	0.8493	4	5.4245	0.65469	0.87516	0	NA	NA	NA
trans-Dec-2-enoyl-[acyl-carrier protein]	4	5.9587	0.10579	0.51041	-5.9587	0.92415	1	5.4245	0.66866	0.8493	4	5.4245	0.65469	0.87516	0	NA	NA	NA
trans-Hexadec-2-enoyl-[acyl-carrier protein]	4	5.9587	0.10579	0.51041	-5.9587	0.92415	1	5.4245	0.66866	0.8493	4	5.4245	0.65469	0.87516	0	NA	NA	NA
trans-Hex-2-enoyl-[acp]	4	5.9587	0.10579	0.51041	-5.9587	0.92415	1	5.4245	0.66866	0.8493	4	5.4245	0.65469	0.87516	0	NA	NA	NA
trans-Octadec-2-enoyl-[acyl-carrier-protein]	4	5.9587	0.10579	0.51041	-5.9587	0.92415	1	5.4245	0.66866	0.8493	4	5.4245	0.65469	0.87516	0	NA	NA	NA
trans-Oct-2-enoyl-[acp]	4	5.9587	0.10579	0.51041	-5.9587	0.92415	1	5.4245	0.66866	0.8493	4	5.4245	0.65469	0.87516	0	NA	NA	NA
trans-Tetradec-2-enoyl-[acyl-carrier protein]	4	5.9587	0.10579	0.51041	-5.9587	0.92415	1	5.4245	0.66866	0.8493	4	5.4245	0.65469	0.87516	0	NA	NA	NA
Butyryl-[acyl-carrier protein]	2	8.8233	0.051896	0.3962	-7.8679	0.95808	1	8.6144	0.24351	0.5859	2	8.6144	0.19162	0.6332	0	NA	NA	NA
Dodecanoyl-ACP (n-C12:0ACP)	3	7.5145	0.075848	0.45256	-6.7344	0.94212	1	6.9009	0.4012	0.70678	3	6.9009	0.37725	0.75848	0	NA	NA	NA
Dodecanoyl-[acyl-carrier protein]	2	8.8233	0.051896	0.3962	-7.8679	0.95808	1	8.6144	0.24351	0.5859	2	8.6144	0.19162	0.6332	0	NA	NA	NA
Decanoyl-[acyl-carrier protein]	2	8.8233	0.051896	0.3962	-7.8679	0.95808	1	8.6144	0.24351	0.5859	2	8.6144	0.19162	0.6332	0	NA	NA	NA
Hexanoyl-[acyl-carrier protein]	2	8.8233	0.051896	0.3962	-7.8679	0.95808	1	8.6144	0.24351	0.5859	2	8.6144	0.19162	0.6332	0	NA	NA	NA
Myristoyl-ACP (n-C14:0ACP)	3	7.5145	0.075848	0.45256	-6.7344	0.94212	1	6.9009	0.4012	0.70678	3	6.9009	0.37725	0.75848	0	NA	NA	NA
Octadecanoyl-ACP (n-C18:0ACP)	2	2.4429	0.28743	0.7272	-2.4429	0.72854	1	1.7423	0.85828	0.93953	2	1.7423	0.81836	0.93661	0	NA	NA	NA
Octanoyl-[acyl-carrier protein]	2	8.8233	0.051896	0.3962	-7.8679	0.95808	1	8.6144	0.24351	0.5859	2	8.6144	0.19162	0.6332	0	NA	NA	NA
Tetradecenoyl-ACP (n-C14:1ACP)	2	2.4429	0.28743	0.7272	-2.4429	0.72854	1	1.7423	0.85828	0.93953	2	1.7423	0.81836	0.93661	0	NA	NA	NA
Cis-dodec-5-enoyl-[acyl-carrier protein] (n-C12:1)	1	2.9173	0.26747	0.70928	-2.9173	0.73453	1	2.6939	0.51098	0.7862	1	2.6939	0.46707	0.83659	0	NA	NA	NA
Decanoyl-ACP (n-C10:0ACP)	2	8.8233	0.051896	0.3962	-7.8679	0.95808	1	8.6144	0.24351	0.5859	2	8.6144	0.19162	0.6332	0	NA	NA	NA
Trans-3-cis-11-vacceoyl-[acyl-carrier protein]	3	4.976	0.16168	0.55654	-4.976	0.87026	1	4.4745	0.63673	0.84387	3	4.4745	0.63872	0.87516	0	NA	NA	NA
Trans-3-cis-5-dodecenoyl-[acyl-carrier protein]	3	4.976	0.16168	0.55654	-4.976	0.87026	1	4.4745	0.63673	0.84387	3	4.4745	0.63872	0.87516	0	NA	NA	NA
Trans-3-cis-7-myristoleoyl-[acyl-carrier protein]	3	4.976	0.16168	0.55654	-4.976	0.87026	1	4.4745	0.63673	0.84387	3	4.4745	0.63872	0.87516	0	NA	NA	NA
Trans-3-cis-9-palmitoleoyl-[acyl-carrier protein]	3	4.976	0.16168	0.55654	-4.976	0.87026	1	4.4745	0.63673	0.84387	3	4.4745	0.63872	0.87516	0	NA	NA	NA
Trans-Hex-2-enoyl-[acyl-carrier protein]	3	4.976	0.16168	0.55654	-4.976	0.87026	1	4.4745	0.63673	0.84387	3	4.4745	0.63872	0.87516	0	NA	NA	NA
Trans-Oct-2-enoyl-[acyl-carrier protein]	3	4.976	0.16168	0.55654	-4.976	0.87026	1	4.4745	0.63673	0.84387	3	4.4745	0.63872	0.87516	0	NA	NA	NA
Trans-octadec-2-enoyl-[acyl-carrier protein]	3	4.976	0.16168	0.55654	-4.976	0.87026	1	4.4745	0.63673	0.84387	3	4.4745	0.63872	0.87516	0	NA	NA	NA
Trans-Dec-2-enoyl-[acyl-carrier protein]	3	4.976	0.16168	0.55654	-4.976	0.87026	1	4.4745	0.63673	0.84387	3	4.4745	0.63872	0.87516	0	NA	NA	NA
Trans-Dodec-2-enoyl-[acyl-carrier protein]	3	4.976	0.16168	0.55654	-4.976	0.87026	1	4.4745	0.63673	0.84387	3	4.4745	0.63872	0.87516	0	NA	NA	NA
Trans-Hexadec-2-enoyl-[acyl-carrier protein]	3	4.976	0.16168	0.55654	-4.976	0.87026	1	4.4745	0.63673	0.84387	3	4.4745	0.63872	0.87516	0	NA	NA	NA
Trans-Tetradec-2-enoyl-[acyl-carrier protein]	3	4.976	0.16168	0.55654	-4.976	0.87026	1	4.4745	0.63673	0.84387	3	4.4745	0.63872	0.87516	0	NA	NA	NA
Malonyl-CoA	6	12.836	0.00998	0.20842	-12.836	0.998	1	12.514	0.29341	0.62058	6	12.514	0.16966	0.6332	0	NA	NA	NA
(3R)-3-Hydroxybutanoyl-[acyl-carrier protein]	5	6.0276	0.13373	0.5503	-5.238	0.88423	1	10.48	0.35729	0.67237	4	9.0305	0.29341	0.68734	1	5.3736	0.28144	0.52199
(R)-3-Hydroxydodecanoyl-[acyl-carrier protein]	5	6.0276	0.13373	0.5503	-5.238	0.88423	1	10.48	0.35729	0.67237	4	9.0305	0.29341	0.68734	1	5.3736	0.28144	0.52199
(3R)-3-Hydroxydecanoyl-[acyl-carrier protein]	5	6.0276	0.13373	0.5503	-5.238	0.88423	1	10.48	0.35729	0.67237	4	9.0305	0.29341	0.68734	1	5.3736	0.28144	0.52199
(R)-3-Hydroxyhexanoyl-[acp]	5	6.0276	0.13373	0.5503	-5.238	0.88423	1	10.48	0.35729	0.67237	4	9.0305	0.29341	0.68734	1	5.3736	0.28144	0.52199
(R)-3-Hydroxyoctanoyl-[acyl-carrier protein]	5	6.0276	0.13373	0.5503	-5.238	0.88423	1	10.48	0.35729	0.67237	4	9.0305	0.29341	0.68734	1	5.3736	0.28144	0.52199
(3R)-3-Hydroxyoctadecanoyl-[acyl-carrier protein	5	6.0276	0.13373	0.5503	-5.238	0.88423	1	10.48	0.35729	0.67237	4	9.0305	0.29341	0.68734	1	5.3736	0.28144	0.52199
(3R)-3-Hydroxypalmitoyl-[acyl-carrier protein]	5	6.0276	0.13373	0.5503	-5.238	0.88423	1	10.48	0.35729	0.67237	4	9.0305	0.29341	0.68734	1	5.3736	0.28144	0.52199
(3R)-3-Hydroxytetradecanoyl-[acyl-carrier protein]	5	6.0276	0.13373	0.5503	-5.238	0.88423	1	10.48	0.35729	0.67237	4	9.0305	0.29341	0.68734	1	5.3736	0.28144	0.52199
(3R)-3-Hydroxyacyl-[acyl-carrier protein]	3	9.0508	0.055888	0.3962	-8.0315	0.95609	1	8.6384	0.28942	0.61945	3	8.6384	0.23553	0.67294	0	NA	NA	NA
(R)-3-hydroxy-cis-dodec-5-enoyl-[acyl-carrier protein]	2	4.0315	0.19561	0.58847	-4.0315	0.81836	1	3.5752	0.65868	0.8493	2	3.5752	0.6008	0.87516	0	NA	NA	NA
(R)-3-hydroxy-cis-myristol-7-eoyl-[acyl-carrier protein]	2	4.0315	0.19561	0.58847	-4.0315	0.81836	1	3.5752	0.65868	0.8493	2	3.5752	0.6008	0.87516	0	NA	NA	NA
(R)-3-hydroxy-cis-palm-9-eoyl-[acyl-carrier protein]	2	4.0315	0.19561	0.58847	-4.0315	0.81836	1	3.5752	0.65868	0.8493	2	3.5752	0.6008	0.87516	0	NA	NA	NA
(R)-3-hydroxy-cis-vacc-11-enoyl-[acyl-carrier protein]	3	9.0508	0.055888	0.3962	-8.0315	0.95609	1	8.6384	0.28942	0.61945	3	8.6384	0.23553	0.67294	0	NA	NA	NA
(R)-3-Hydroxydecanoyl-[acyl-carrier protein]	3	9.0508	0.055888	0.3962	-8.0315	0.95609	1	8.6384	0.28942	0.61945	3	8.6384	0.23553	0.67294	0	NA	NA	NA
(R)-3-Hydroxyhexanoyl-[acyl-carrier protein]	3	9.0508	0.055888	0.3962	-8.0315	0.95609	1	8.6384	0.28942	0.61945	3	8.6384	0.23553	0.67294	0	NA	NA	NA
(R)-3-Hydroxytetradecanoyl-[acyl-carrier protein]	3	9.0508	0.055888	0.3962	-8.0315	0.95609	1	8.6384	0.28942	0.61945	3	8.6384	0.23553	0.67294	0	NA	NA	NA
(R)-3-Hydroxyoctadecanoyl-[acyl-carrier protein]	3	9.0508	0.055888	0.3962	-8.0315	0.95609	1	8.6384	0.28942	0.61945	3	8.6384	0.23553	0.67294	0	NA	NA	NA
R-3-hydroxypalmitoyl-[acyl-carrier protein]	3	9.0508	0.055888	0.3962	-8.0315	0.95609	1	8.6384	0.28942	0.61945	3	8.6384	0.23553	0.67294	0	NA	NA	NA
Enoylglutaryl-[acyl-carrier protein] methyl ester	2	4.0315	0.19561	0.58847	-4.0315	0.81836	1	3.5752	0.65868	0.8493	2	3.5752	0.6008	0.87516	0	NA	NA	NA
Enoylpimeloyl-[acyl-carrier protein] methyl ester	2	4.0315	0.19561	0.58847	-4.0315	0.81836	1	3.5752	0.65868	0.8493	2	3.5752	0.6008	0.87516	0	NA	NA	NA
3-Hydroxyglutaryl-[acyl-carrier protein] methyl ester	3	9.0508	0.055888	0.3962	-8.0315	0.95609	1	8.6384	0.28942	0.61945	3	8.6384	0.23553	0.67294	0	NA	NA	NA
3-Hydroxypimeloyl-[acyl-carrier protein] methyl ester	2	4.0315	0.19561	0.58847	-4.0315	0.81836	1	3.5752	0.65868	0.8493	2	3.5752	0.6008	0.87516	0	NA	NA	NA
3-Oxododecanoyl-[acyl-carrier protein]	3	8.1052	0.071856	0.45256	-6.3058	0.92615	1	14.3	0.095808	0.37464	2	13.714	0.053892	0.38749	1	5.3736	0.28144	0.52199
3-Oxodecanoyl-[acyl-carrier protein]	3	8.1052	0.071856	0.45256	-6.3058	0.92615	1	14.3	0.095808	0.37464	2	13.714	0.053892	0.38749	1	5.3736	0.28144	0.52199
3-Oxohexanoyl-[acyl-carrier protein]	3	8.1052	0.071856	0.45256	-6.3058	0.92615	1	14.3	0.095808	0.37464	2	13.714	0.053892	0.38749	1	5.3736	0.28144	0.52199
3-Oxohexadecanoyl-[acp]	3	8.1052	0.071856	0.45256	-6.3058	0.92615	1	14.3	0.095808	0.37464	2	13.714	0.053892	0.38749	1	5.3736	0.28144	0.52199
3-Oxooctanoyl-[acyl-carrier protein]	3	8.1052	0.071856	0.45256	-6.3058	0.92615	1	14.3	0.095808	0.37464	2	13.714	0.053892	0.38749	1	5.3736	0.28144	0.52199
3-Oxooctadecanoyl-[acp]	3	8.1052	0.071856	0.45256	-6.3058	0.92615	1	14.3	0.095808	0.37464	2	13.714	0.053892	0.38749	1	5.3736	0.28144	0.52199
3-Oxotetradecanoyl-[acyl-carrier protein]	3	8.1052	0.071856	0.45256	-6.3058	0.92615	1	14.3	0.095808	0.37464	2	13.714	0.053892	0.38749	1	5.3736	0.28144	0.52199
Acetoacetyl-[acyl-carrier protein]	4	7.5349	0.077844	0.46063	-5.9766	0.92415	1	12.643	0.2016	0.54545	3	11.496	0.11976	0.54153	1	5.3736	0.28144	0.52199
Malonyl-[acyl-carrier protein]	3	9.4793	0.051896	0.3962	-8.6992	0.97405	1	9.0736	0.26547	0.60235	3	9.0736	0.21756	0.67294	0	NA	NA	NA
3-oxo-cis-vacc-11-enoyl-[acyl-carrier protein]	2	13.814	0.013972	0.20842	-11.61	1	1	13.714	0.097804	0.37464	2	13.714	0.053892	0.38749	0	NA	NA	NA
3-Oxooctadecanoyl-[acyl-carrier protein]	2	13.814	0.013972	0.20842	-11.61	1	1	13.714	0.097804	0.37464	2	13.714	0.053892	0.38749	0	NA	NA	NA
3-Oxohexadecanoyl-[acyl-carrier protein]	2	13.814	0.013972	0.20842	-11.61	1	1	13.714	0.097804	0.37464	2	13.714	0.053892	0.38749	0	NA	NA	NA
Acetyl-ACP	1	9.5607	0.037924	0.35265	-8.2095	1	1	9.4887	0.14571	0.43896	1	9.4887	0.087824	0.45908	0	NA	NA	NA
3-Oxo-glutaryl-[acyl-carrier protein] methyl ester	1	9.9751	0.031936	0.32206	-8.2095	1	1	9.906	0.13373	0.42748	1	9.906	0.085828	0.45908	0	NA	NA	NA
4-Methyl-5-(2-hydroxyethyl)-thiazole	1	-8.2095	1	1	21.273	0.10379	0.45314	11.302	0.11577	0.40689	0	NA	NA	NA	1	11.302	0.11577	0.36523
4-Methyl-5-(2-phosphoethyl)-thiazole	3	-14.219	1	1	29.304	0.001996	0.044661	18.677	0.035928	0.26021	0	NA	NA	NA	3	18.677	0.055888	0.2775
2-Methyl-4-amino-5-hydroxymethylpyrimidine diphosphate	2	-11.61	1	1	20.848	0.005988	0.062137	13.852	0.093812	0.37464	0	NA	NA	NA	2	13.852	0.16766	0.44318
4-Amino-5-hydroxymethyl-2-methylpyrimidine	4	-7.1793	0.9481	1	13.711	0.061876	0.40645	8.3383	0.42515	0.73631	0	NA	NA	NA	4	8.3383	0.52695	0.74258
4-Amino-2-methyl-5-phosphomethylpyrimidine	1	-8.2095	1	1	21.273	0.10379	0.45314	11.509	0.11377	0.40585	0	NA	NA	NA	1	11.509	0.11577	0.36523
Pyridoxamine	3	-2.6673	0.70259	1	10.21	0.16168	0.61575	8.3242	0.3014	0.62871	2	2.0566	0.78643	0.93661	1	11.509	0.11577	0.36523
Pyridoxal	3	-0.73488	0.56287	0.99207	8.2773	0.19561	0.64246	10.365	0.21158	0.55978	2	4.5555	0.50898	0.86888	1	11.509	0.11577	0.36523
Thiamin monophosphate	5	-0.65817	0.54291	0.99207	1.1788	0.56088	1	8.7971	0.48303	0.77307	2	6.4577	0.34531	0.72992	3	6.0843	0.58683	0.78619
D-Fructose	7	16.321	0.013972	0.20842	-6.4453	0.93014	1	24.929	0.011976	0.12628	5	24.32	0.003992	0.07984	2	8.1843	0.32136	0.56527
Maltose	10	-10.234	0.98004	1	26.758	0.00998	0.094022	23.111	0.033932	0.24826	3	6.903	0.37725	0.75848	7	23.103	0.055888	0.2775
Sucrose	6	8.926	0.053892	0.3962	7.074	0.2994	0.78238	29.308	0.001996	0.043368	3	25.932	0.001996	0.061054	3	15.516	0.11178	0.36523
Adenosine	7	-11.423	0.99401	1	26.236	0.003992	0.062137	22.718	0.027944	0.21315	1	1.2263	0.67066	0.87536	6	24.038	0.023952	0.21296
dAMP	4	9.2071	0.041916	0.37515	-6.9291	0.95409	1	10.75	0.25749	0.59362	3	11.458	0.11976	0.54153	1	1.656	0.68663	0.86985
Inorganic triphosphate	7	-1.6438	0.65469	1	6.5815	0.30739	0.79168	15.829	0.17166	0.48647	3	7.0804	0.36128	0.75146	4	14.808	0.17166	0.44888
Thiamin triphosphate	1	1.598	0.36527	0.82176	-1.598	0.63673	1	1.2263	0.70858	0.8493	1	1.2263	0.67066	0.87536	0	NA	NA	NA
Co2+	9	-9.4164	0.97405	1	18.126	0.0499	0.35028	17.299	0.17166	0.48647	3	6.6645	0.4012	0.77555	6	16.474	0.1976	0.47836
(R)-Acetoin	2	-3.2764	0.74251	1	3.2764	0.30339	0.78706	2.8689	0.73852	0.86241	0	NA	NA	NA	2	2.8689	0.75449	0.90858
(R,R)-2,3-Butanediol	1	-2.9358	0.74451	1	2.9358	0.25749	0.72011	2.7137	0.50898	0.7862	0	NA	NA	NA	1	2.7137	0.501	0.71634
Diacetyl	1	-2.9358	0.74451	1	2.9358	0.25749	0.72011	2.7137	0.50898	0.7862	0	NA	NA	NA	1	2.7137	0.501	0.71634
Xanthine	6	-10.204	0.98603	1	26.204	0.005988	0.062137	24.322	0.015968	0.15902	2	2.1465	0.77645	0.93661	4	28.27	0.007984	0.10845
Xanthosine 5-phosphate	5	7.6281	0.081836	0.46876	-7.6281	0.94611	1	8.9426	0.47505	0.7637	4	9.1701	0.27944	0.68734	1	1.656	0.68663	0.86985
5-amino-1-(5-phospho-D-ribosyl)imidazole-4-carboxylate	4	3.8055	0.18164	0.58319	-3.8055	0.8523	1	3.1419	0.86228	0.94102	4	3.1419	0.88224	0.93661	0	NA	NA	NA
5-amino-1-(5-phospho-D-ribosyl)imidazole	5	2.6701	0.29341	0.73714	-2.6701	0.77445	1	2.9462	0.92415	0.96732	4	2.9087	0.8982	0.93661	1	0.77036	0.80639	0.90858
5-Carboxyamino-1-(5-phospho-D-ribosyl)imidazole	3	3.0779	0.26946	0.71193	-3.0779	0.76447	1	2.4717	0.83034	0.92734	3	2.4717	0.83832	0.93661	0	NA	NA	NA
L-Asparaginyl-tRNA(Asn)	4	6.4062	0.097804	0.51041	-6.4062	0.94212	1	5.966	0.60279	0.84387	4	5.966	0.57884	0.87516	0	NA	NA	NA
L-Glutaminyl-tRNA(Gln)	3	4.4765	0.19361	0.58847	-4.4765	0.83832	1	4.0455	0.68263	0.8493	3	4.0455	0.69661	0.87536	0	NA	NA	NA
L-Aspartyl-tRNA(Asn)	3	4.4765	0.19361	0.58847	-4.4765	0.83832	1	4.0455	0.68263	0.8493	3	4.0455	0.69661	0.87536	0	NA	NA	NA
Glutamine tRNA charged with glutamate	3	4.4765	0.19361	0.58847	-4.4765	0.83832	1	4.0455	0.68263	0.8493	3	4.0455	0.69661	0.87536	0	NA	NA	NA
1,2-Diacylglycerol	7	-0.49046	0.56287	0.99207	0.49046	0.6008	1	7.3947	0.7525	0.87446	5	3.7299	0.8982	0.93661	2	7.9368	0.33533	0.58354
Nicotinate	5	-3.9424	0.79441	1	9.7848	0.16966	0.6235	14.237	0.17964	0.50118	2	3.6445	0.58683	0.87516	3	15.404	0.11577	0.36523
Maleate	1	2.3297	0.30339	0.74907	-2.3297	0.6986	1	2.0574	0.60679	0.84387	1	2.0574	0.55689	0.87516	0	NA	NA	NA
Maleamate	1	2.3297	0.30339	0.74907	-2.3297	0.6986	1	2.0574	0.60679	0.84387	1	2.0574	0.55689	0.87516	0	NA	NA	NA
Nicotinamide	1	2.3297	0.30339	0.74907	-2.3297	0.6986	1	2.0574	0.60679	0.84387	1	2.0574	0.55689	0.87516	0	NA	NA	NA
Dihydroxyacetone phosphate	8	-3.3853	0.7485	1	13.034	0.12774	0.53488	17.179	0.18363	0.51033	3	7.3056	0.33533	0.72054	5	16.071	0.17166	0.44888
Glyceraldehyde 3-phosphate	9	-8.9662	0.96806	1	22.03	0.025948	0.20875	21.586	0.03992	0.26682	2	4.2838	0.52695	0.87317	7	22.187	0.06986	0.31631
D-Fructose 1,6-bisphosphate	4	-6.9063	0.94212	1	19.97	0.031936	0.24587	15.664	0.1018	0.37623	2	1.2076	0.87026	0.93661	2	20.945	0.025948	0.21506
D-Glycerate 2-phosphate	9	-16.277	1	1	38.05	0.001996	0.044661	26.782	0.007984	0.10801	1	2.6593	0.47505	0.83659	8	27.466	0.011976	0.14641
3-Phospho-D-glycerate	9	-13.742	0.99601	1	31.161	0.003992	0.062137	23.913	0.013972	0.1411	1	2.6593	0.47505	0.83659	8	24.424	0.031936	0.25188
UDP-N-acetylmuramoyl-L-alanyl-D-glutamyl-L-lysyl-D-alanyl-D-alanine	2	-4.5367	0.84232	1	4.5367	0.23353	0.70295	4.2443	0.57884	0.82795	0	NA	NA	NA	2	4.2443	0.59681	0.78875
UDP-N-acetylmuramoyl-L-alanyl-gamma-D-glutamyl-L-lysine	1	-3.5378	0.76447	1	3.5378	0.23952	0.70295	3.3504	0.45309	0.75551	0	NA	NA	NA	1	3.3504	0.43114	0.66507
UDP-N-acetylmuramoyl-L-alanyl-gamma-D-glutamyl-L-lysyl-D-alanyl-D-alanine	1	-3.5378	0.76447	1	3.5378	0.23952	0.70295	3.3504	0.45309	0.75551	0	NA	NA	NA	1	3.3504	0.43114	0.66507
UDP-N-acetylmuramoyl-L-alanyl-D-glutamyl-meso-2,6-diaminopimeloyl-D-alanyl-D-lactate	2	-4.5367	0.84232	1	4.5367	0.23353	0.70295	4.2443	0.57884	0.82795	0	NA	NA	NA	2	4.2443	0.59681	0.78875
UDP-N-acetylmuramoyl-L-alanyl-D-glutamyl-meso-2,6-diaminopimeloyl-D-alanyl-D-alanine	2	-4.5367	0.84232	1	4.5367	0.23353	0.70295	4.2443	0.57884	0.82795	0	NA	NA	NA	2	4.2443	0.59681	0.78875
UTP	13	-7.01	0.9481	1	21.503	0.013972	0.12826	23.948	0.053892	0.29497	6	8.3395	0.49701	0.85577	7	24.915	0.033932	0.26222
lipoteichoic acid (n=25, LRE specific)	6	11.729	0.013972	0.20842	-11.729	0.99601	1	11.375	0.35729	0.67237	6	11.375	0.22954	0.67294	0	NA	NA	NA
Lipoteichoic acid (n=25) with 100% D-Ala substitutions (LRE specific)	6	6.8608	0.10978	0.51041	-6.8608	0.9501	1	11.461	0.3493	0.67237	5	9.8715	0.31737	0.71551	1	5.9994	0.25349	0.52199
apoprotein [acyl carrier protein]	1	0.80986	0.41916	0.91378	-0.80986	0.58283	1	0.20696	0.83633	0.9298	1	0.20696	0.83433	0.93661	0	NA	NA	NA
Adenosine 3,5-bisphosphate	2	1.7908	0.33333	0.79556	-1.7908	0.67864	1	1.1169	0.89421	0.94705	2	1.1169	0.88423	0.93661	0	NA	NA	NA
Adenine	8	-8.5129	0.96806	1	22.369	0.00998	0.094022	25.212	0.021956	0.18305	2	7.2043	0.27545	0.68533	6	24.953	0.01996	0.19138
Guanine	9	-3.6527	0.78044	1	16.717	0.057884	0.39099	24.349	0.013972	0.1411	5	7.3815	0.54092	0.87516	4	28.27	0.007984	0.10845
Hypoxanthine	6	-7.4468	0.93613	1	23.447	0.011976	0.11136	27.242	0.001996	0.043368	2	7.2043	0.27545	0.68533	4	28.27	0.007984	0.10845
IMP	7	7.6459	0.097804	0.51041	-7.6459	0.96208	1	8.0126	0.71257	0.8493	4	11.067	0.19361	0.6332	3	-0.53944	0.99002	0.998
P1,P4-Bis(5-adenosyl) tetraphosphate	2	0.68967	0.42116	0.91378	-0.68967	0.59082	1	-0.58383	0.98204	0.99312	2	-0.58383	0.97804	0.98946	0	NA	NA	NA
L-Lysine-tRNA (Lys)	2	0.54167	0.43114	0.92424	-0.54167	0.58084	1	-1.9656	0.99401	0.99679	2	-1.9656	1	1	0	NA	NA	NA
tRNA(Lys)	2	0.54167	0.43114	0.92424	-0.54167	0.58084	1	-1.9656	0.99401	0.99679	2	-1.9656	1	1	0	NA	NA	NA
N6-(1,2-Dicarboxyethyl)-AMP	2	2.1931	0.30339	0.74907	-2.1931	0.71058	1	2.0064	0.82834	0.92734	1	3.3186	0.40719	0.78034	1	-0.48115	0.95808	0.99634
Choline	6	-5.2795	0.85828	1	5.2795	0.37525	0.8956	8.768	0.56886	0.82733	1	4.9824	0.26347	0.68339	5	7.3767	0.69661	0.87568
Ethanolamine	1	5.1148	0.15569	0.55654	-5.1148	0.84631	1	4.9824	0.31936	0.64141	1	4.9824	0.26347	0.68339	0	NA	NA	NA
sn-Glycero-3-phosphocholine	1	5.1148	0.15569	0.55654	-5.1148	0.84631	1	4.9824	0.31936	0.64141	1	4.9824	0.26347	0.68339	0	NA	NA	NA
sn-Glycero-3-phosphoethanolamine	1	5.1148	0.15569	0.55654	-5.1148	0.84631	1	4.9824	0.31936	0.64141	1	4.9824	0.26347	0.68339	0	NA	NA	NA
Glycerophosphoglycerol	1	5.1148	0.15569	0.55654	-5.1148	0.84631	1	4.9824	0.31936	0.64141	1	4.9824	0.26347	0.68339	0	NA	NA	NA
sn-Glycero-3-phospho-1-inositol	1	5.1148	0.15569	0.55654	-5.1148	0.84631	1	4.9824	0.31936	0.64141	1	4.9824	0.26347	0.68339	0	NA	NA	NA
Glycerophosphoserine	1	5.1148	0.15569	0.55654	-5.1148	0.84631	1	4.9824	0.31936	0.64141	1	4.9824	0.26347	0.68339	0	NA	NA	NA
Glycerol	14	-0.82885	0.56487	0.99207	26.037	0.00998	0.094022	48.715	0.001996	0.043368	6	20.531	0.003992	0.07984	8	46.664	0.001996	0.057415
myo-Inositol	4	0.97477	0.35529	0.82176	-0.97477	0.69062	1	7.376	0.50499	0.78542	3	4.62	0.62275	0.87516	1	6.75	0.22754	0.51936
2,5-diketo-D-gluconate	4	11.076	0.017964	0.23819	-9.6496	0.98802	1	10.608	0.26547	0.60235	4	10.608	0.22156	0.67294	0	NA	NA	NA
2-Dehydro-L-gulonate	3	12.192	0.015968	0.21987	-10.545	0.99202	1	11.948	0.16766	0.48279	3	11.948	0.10778	0.52355	0	NA	NA	NA
5-Dehydro-D-gluconate	4	11.076	0.017964	0.23819	-9.6496	0.98802	1	10.608	0.26547	0.60235	4	10.608	0.22156	0.67294	0	NA	NA	NA
L-Glyceraldehyde	1	11.063	0.025948	0.29029	-8.2095	1	1	11.001	0.11976	0.4127	1	11.001	0.075848	0.43342	0	NA	NA	NA
L-Arabinitol	1	11.063	0.025948	0.29029	-8.2095	1	1	11.001	0.11976	0.4127	1	11.001	0.075848	0.43342	0	NA	NA	NA
L-Arabinose	1	11.063	0.025948	0.29029	-8.2095	1	1	11.001	0.11976	0.4127	1	11.001	0.075848	0.43342	0	NA	NA	NA
D-Glyceraldehyde	3	6.1905	0.10778	0.51041	-4.5428	0.84431	1	7.2096	0.38523	0.70104	2	8.1501	0.22555	0.67294	1	0.96136	0.79441	0.90858
4-Aminobutanoate	6	5.8285	0.14571	0.55654	2.8357	0.47505	0.98305	16.352	0.12375	0.4127	3	14.364	0.06986	0.42738	3	8.7613	0.39521	0.63781
gammaglutamyl-gamma-aminobutyrate	1	9.6268	0.031936	0.32206	-8.2095	1	1	9.5553	0.14571	0.43896	1	9.5553	0.087824	0.45908	0	NA	NA	NA
gamma-L-Glutamyl-L-cysteine	2	12.508	0.01996	0.2464	-5.4712	0.88224	1	12.567	0.11178	0.40072	1	18.123	0.035928	0.35928	1	-0.34999	0.9521	0.99634
Reduced glutathione	2	7.0368	0.091816	0.51041	9.2376	0.17166	0.6235	26.157	0.003992	0.068149	1	18.123	0.035928	0.35928	1	18.868	0.053892	0.2775
D-Glucose 1,6-bisphosphate	1	-2.8518	0.73253	1	2.8518	0.27146	0.73622	2.6238	0.51896	0.79001	0	NA	NA	NA	1	2.6238	0.51497	0.7278
beta-D-Glucose 1-phosphate	3	-0.91247	0.57086	0.99207	0.91247	0.48303	0.99472	4.3503	0.6507	0.8493	1	3.1431	0.42315	0.78867	2	3.1056	0.72655	0.89945
D-Glucose 1-phosphate	9	6.435	0.17365	0.57297	2.8026	0.51297	1	15.664	0.26148	0.60089	4	18.065	0.015968	0.22442	4	9.5359	0.46906	0.6888
Trehalose	5	-8.897	0.97206	1	26.424	0.005988	0.062137	20.03	0.027944	0.21315	1	6.7031	0.17166	0.6332	4	19.043	0.061876	0.28817
Cardiolipin (LRE specific)	3	19.212	0.001996	0.095276	-11.658	1	1	19.063	0.033932	0.24826	3	19.063	0.007984	0.12974	0	NA	NA	NA
Phospatidylglycerol (LRE specific)	5	12.489	0.023952	0.28583	-6.6381	0.93214	1	15.798	0.12375	0.4127	4	15.05	0.055888	0.38749	1	5.225	0.28743	0.52199
L-Threonyl-tRNA(Thr)	1	3.6072	0.21956	0.62632	-3.6072	0.78244	1	3.4232	0.4491	0.75551	1	3.4232	0.3992	0.77457	0	NA	NA	NA
tRNA(Thr)	1	3.6072	0.21956	0.62632	-3.6072	0.78244	1	3.4232	0.4491	0.75551	1	3.4232	0.3992	0.77457	0	NA	NA	NA
2-Dehydropantoate	2	13.429	0.013972	0.20842	-11.61	1	1	13.326	0.0998	0.37464	2	13.326	0.055888	0.38749	0	NA	NA	NA
(R)-Pantoate	2	13.429	0.013972	0.20842	-11.61	1	1	13.326	0.0998	0.37464	2	13.326	0.055888	0.38749	0	NA	NA	NA
hydroxy 3 methyl pentanoate	2	13.429	0.013972	0.20842	-11.61	1	1	13.326	0.0998	0.37464	2	13.326	0.055888	0.38749	0	NA	NA	NA
5-Methyltetrahydropteroyltri-L-glutamate	1	3.4704	0.22954	0.63702	-3.4704	0.77246	1	3.2796	0.46108	0.75632	1	3.2796	0.41118	0.78034	0	NA	NA	NA
L-Homocysteine	6	6.2178	0.13573	0.55217	-0.88449	0.6507	1	14.772	0.18962	0.52091	5	10.08	0.2994	0.68889	1	13.643	0.081836	0.33528
Tetrahydropteroyltri-L-glutamate	1	3.4704	0.22954	0.63702	-3.4704	0.77246	1	3.2796	0.46108	0.75632	1	3.2796	0.41118	0.78034	0	NA	NA	NA
Selenohomocysteine	1	3.4704	0.22954	0.63702	-3.4704	0.77246	1	3.2796	0.46108	0.75632	1	3.2796	0.41118	0.78034	0	NA	NA	NA
L-Selenomethionine	2	9.127	0.0499	0.3962	-8.259	0.97006	1	8.9406	0.23154	0.5859	2	8.9406	0.16966	0.6332	0	NA	NA	NA
Acetate	8	0.44373	0.46108	0.92995	9.576	0.20758	0.65766	18.015	0.15369	0.45725	5	7.1978	0.55289	0.87516	3	20.126	0.035928	0.26222
O-Acetyl-L-homoserine	2	-2.2603	0.6507	1	11.498	0.13772	0.56029	11.809	0.13772	0.42748	1	4.8779	0.26946	0.68523	1	11.822	0.11178	0.36523
Hydrogen sulfide	5	1.9324	0.33932	0.80448	3.91	0.41916	0.9263	11.836	0.28743	0.61945	3	7.3244	0.33333	0.71923	2	9.7439	0.25749	0.52199
L-Asparagine	4	9.5838	0.035928	0.34299	-9.1067	0.98204	1	9.1673	0.34731	0.67237	4	9.1673	0.27944	0.68734	0	NA	NA	NA
tRNA(Asn)	1	5.0588	0.15768	0.55654	-5.0588	0.84431	1	4.9249	0.32335	0.64401	1	4.9249	0.26547	0.68339	0	NA	NA	NA
L-2-hydroxyisocaproate	3	14.187	0.013972	0.20842	-9.3769	0.98004	1	13.604	0.12575	0.41549	2	17.422	0.013972	0.20758	1	-1.075	0.98004	0.99634
2-Deoxy-D-ribose 5-phosphate	6	-8.2364	0.95409	1	24.236	0.00998	0.094022	23.981	0.017964	0.16304	3	1.7493	0.8982	0.93661	3	32.164	0.003992	0.078084
N-Acetyl-D-glucosamine 1-phosphate	1	5.8614	0.12575	0.549	-5.8614	0.87625	1	5.7452	0.27745	0.61779	1	5.7452	0.22156	0.67294	0	NA	NA	NA
D-Glucosamine 1-phosphate	2	4.5116	0.17764	0.57554	-4.5116	0.83832	1	3.8764	0.62275	0.84387	2	3.8764	0.56687	0.87516	0	NA	NA	NA
D-Glucosamine 6-phosphate	4	2.5589	0.25948	0.69324	-2.5589	0.78244	1	5.359	0.67864	0.8493	3	4.2852	0.66667	0.87536	1	3.296	0.43313	0.66576
N-Acetyl-D-glucosamine 6-phosphate	1	5.8614	0.12575	0.549	-5.8614	0.87625	1	5.7452	0.27745	0.61779	1	5.7452	0.22156	0.67294	0	NA	NA	NA
Mn2+	5	5.2569	0.15968	0.55654	-5.2569	0.88423	1	6.7906	0.6487	0.8493	4	6.4893	0.52894	0.87317	1	2.2056	0.57086	0.77758
2-phospho-4-(cytidine 5-diphospho)-2-C-methyl-D-erythritol	1	2.5513	0.28144	0.72225	-2.5513	0.72056	1	2.2997	0.56287	0.82532	1	2.2997	0.52894	0.87317	0	NA	NA	NA
4-(cytidine 5-diphospho)-2-C-methyl-D-erythritol	1	2.5513	0.28144	0.72225	-2.5513	0.72056	1	2.2997	0.56287	0.82532	1	2.2997	0.52894	0.87317	0	NA	NA	NA
tRNA(Met)	1	6.8124	0.095808	0.51041	-6.8124	0.90619	1	6.712	0.23752	0.5859	1	6.712	0.16567	0.6332	0	NA	NA	NA
(R)-Mevalonate	2	-0.77165	0.54691	0.99207	0.77165	0.47305	0.98305	7.5641	0.28543	0.61945	1	4.7909	0.27146	0.68523	1	5.9062	0.26747	0.52199
tRNA(Trp)	1	3.1084	0.25948	0.69324	-3.1084	0.74251	1	2.8975	0.49301	0.78148	1	2.8975	0.43912	0.80403	0	NA	NA	NA
L-Tryptophanyl-tRNA(Trp)	1	3.1084	0.25948	0.69324	-3.1084	0.74251	1	2.8975	0.49301	0.78148	1	2.8975	0.43912	0.80403	0	NA	NA	NA
dCDP	4	2.702	0.24351	0.66295	3.8993	0.41317	0.9216	15.182	0.11577	0.40689	2	10.864	0.10978	0.52355	2	10.607	0.22355	0.51936
dCTP	6	-4.4087	0.81238	1	15.075	0.063872	0.412	18.439	0.081836	0.37464	3	5.9323	0.47705	0.83659	3	20.144	0.035928	0.26222
dGTP	6	-4.4087	0.81238	1	15.075	0.063872	0.412	18.439	0.081836	0.37464	3	5.9323	0.47705	0.83659	3	20.144	0.035928	0.26222
dTDP	2	-4.0311	0.7984	1	13.269	0.10978	0.47638	11.062	0.15569	0.46128	1	2.2534	0.53293	0.87421	1	13.391	0.087824	0.33528
dTTP	3	-2.321	0.67465	1	9.8635	0.16567	0.62104	13.376	0.12974	0.42092	1	7.0456	0.15569	0.6332	2	11.4	0.20758	0.49517
dUDP	7	1.9543	0.35729	0.82176	3.4357	0.47106	0.98305	10.651	0.47305	0.7622	3	10.421	0.15369	0.6332	3	10.588	0.28743	0.52199
dUTP	7	-2.6735	0.71856	1	12.549	0.10379	0.45314	18.412	0.081836	0.37464	4	6.9111	0.48104	0.83659	3	20.144	0.035928	0.26222
UDP	19	4.299	0.23154	0.64008	-1.1871	0.8523	1	14.224	0.80439	0.9097	12	11.738	0.6008	0.87516	6	12.064	0.44112	0.66576
dITP	1	-8.2095	1	1	21.273	0.10379	0.45314	13.391	0.085828	0.37464	0	NA	NA	NA	1	13.391	0.087824	0.33528
dIDP	1	-8.2095	1	1	21.273	0.10379	0.45314	13.391	0.085828	0.37464	0	NA	NA	NA	1	13.391	0.087824	0.33528
Sodium	2	7.0692	0.091816	0.51041	-4.5212	0.83832	1	9.3581	0.22355	0.58286	1	11.754	0.067864	0.42517	1	1.48	0.71257	0.8889
L-Glutamate 5-semialdehyde	2	13.241	0.013972	0.20842	-8.4736	0.97206	1	13.083	0.1018	0.37623	2	13.083	0.061876	0.39723	0	NA	NA	NA
N-Succinyl-LL-2,6-diaminoheptanedioate	6	13.485	0.00998	0.20842	-7.7807	0.97206	1	21.709	0.025948	0.20904	4	21.555	0.003992	0.07984	2	7.1179	0.39321	0.63781
N-Succinyl-2-L-amino-6-oxoheptanedioate	3	20.292	0.001996	0.095276	-13.681	1	1	20.18	0.021956	0.18305	3	20.18	0.005988	0.10737	0	NA	NA	NA
Succinic semialdehyde	2	4.7671	0.17166	0.56901	9.2376	0.17166	0.6235	20.457	0.007984	0.10801	1	14.905	0.047904	0.38749	1	14.026	0.071856	0.31943
N2-Acetyl-L-ornithine	4	12.569	0.011976	0.20842	-7.937	0.96806	1	17.738	0.047904	0.27478	3	17.462	0.021956	0.28543	1	5.231	0.28543	0.52199
N-Acetyl-L-glutamate	2	6.7836	0.097804	0.51041	-2.0166	0.69661	1	14.238	0.085828	0.37464	1	14.905	0.047904	0.38749	1	5.231	0.28543	0.52199
beta-Alanine	3	6.8712	0.095808	0.51041	-2.9789	0.7525	1	9.874	0.23952	0.5859	1	14.905	0.047904	0.38749	2	1.5537	0.87625	0.96506
3-Oxopropanoate	1	14.951	0.005988	0.20416	-8.2095	1	1	14.905	0.067864	0.35006	1	14.905	0.047904	0.38749	0	NA	NA	NA
D-Methionine	7	11.39	0.031936	0.32206	-11.39	0.98802	1	11.028	0.43713	0.74964	6	11.968	0.20758	0.66632	1	-0.13782	0.93613	0.99634
LL-2,6-Diaminoheptanedioate	6	9.0908	0.0499	0.3962	-7.158	0.96008	1	17.287	0.0998	0.37464	4	16.139	0.033932	0.35928	2	7.1179	0.39321	0.63781
Succinate	9	1.6645	0.42315	0.91534	3.5307	0.47505	0.98305	14.905	0.30938	0.63927	6	8.4198	0.48503	0.84072	3	13.909	0.15768	0.43867
N-Acetyl-L-glutamate 5-semialdehyde	2	10.991	0.027944	0.30315	-9.208	0.98802	1	10.847	0.15968	0.46923	2	10.847	0.11178	0.52355	0	NA	NA	NA
Acetyl phosphate	5	-8.4206	0.96607	1	20.105	0.023952	0.19712	14.228	0.17964	0.50118	1	-0.90434	0.9481	0.97241	4	16.359	0.12774	0.3809
Propanoyl phosphate	4	-12.634	0.998	1	32.23	0.003992	0.062137	26.15	0.003992	0.068149	0	NA	NA	NA	4	26.15	0.00998	0.12513
Propionate (n-C3:0)	2	-6.2567	0.91417	1	15.494	0.065868	0.41736	15.002	0.075848	0.37464	0	NA	NA	NA	2	15.002	0.13772	0.40328
3-Hydroxypropionyl phosphate	3	-9.8484	0.99202	1	24.933	0.005988	0.062137	24.531	0.007984	0.10801	0	NA	NA	NA	3	24.531	0.015968	0.16975
3-Hydroxypropanoate	2	-6.2567	0.91417	1	15.494	0.065868	0.41736	15.002	0.075848	0.37464	0	NA	NA	NA	2	15.002	0.13772	0.40328
D-Glutamate	1	-3.3919	0.75848	1	3.3919	0.24351	0.70589	3.1971	0.46906	0.7622	0	NA	NA	NA	1	3.1971	0.43713	0.66576
Oxidized thioredoxin	12	-2.3383	0.67864	1	14.197	0.13573	0.55852	17.729	0.2515	0.59283	5	12.549	0.17166	0.6332	6	16.968	0.18164	0.45874
Reduced thioredoxin	12	-2.3383	0.67864	1	14.197	0.13573	0.55852	17.729	0.2515	0.59283	5	12.549	0.17166	0.6332	6	16.968	0.18164	0.45874
L-Alanyl-tRNA(Ala)	1	0.47786	0.45309	0.92975	-0.47786	0.5489	1	-0.33915	0.91018	0.95689	1	-0.33915	0.89421	0.93661	0	NA	NA	NA
tRNA(Ala)	1	0.47786	0.45309	0.92975	-0.47786	0.5489	1	-0.33915	0.91018	0.95689	1	-0.33915	0.89421	0.93661	0	NA	NA	NA
Phosphatidylglycerophosphate (LRE specific)	2	-3.5888	0.77445	1	3.5888	0.28144	0.74358	3.1433	0.6986	0.8493	1	-0.77964	0.93812	0.96408	1	5.225	0.28743	0.52199
7,8-Dihydrofolate	5	6.5315	0.11377	0.51558	-6.5315	0.93014	1	5.9502	0.71058	0.8493	5	5.9502	0.6986	0.87536	0	NA	NA	NA
Dihydropteroate	4	5.6953	0.11178	0.51558	-5.6953	0.91816	1	4.9989	0.71058	0.8493	4	4.9989	0.7006	0.87575	0	NA	NA	NA
Tetrahydrofolyl-[Glu](2)	3	6.3004	0.10579	0.51041	-6.3004	0.92615	1	5.9681	0.49501	0.78148	3	5.9681	0.47305	0.83659	0	NA	NA	NA
2-Demethylmenaquinone 8	5	-5.1134	0.86427	1	16.798	0.043912	0.32414	15.412	0.12774	0.42015	1	7.3461	0.14571	0.616	4	13.559	0.22954	0.51936
Menaquinol 7	8	-13.921	0.998	1	37.015	0.001996	0.044661	26.859	0.011976	0.12628	2	4.8997	0.48104	0.83659	6	28.186	0.005988	0.091504
Menaquinone 7	7	-17.694	1	1	42.382	0.001996	0.044661	25.937	0.00998	0.12554	1	-0.41696	0.9022	0.93661	6	28.186	0.005988	0.091504
Menaquinone 8	8	-10.24	0.99002	1	33.334	0.001996	0.044661	34.892	0.001996	0.043368	2	10.107	0.13174	0.58053	6	34.455	0.001996	0.057415
Ubiquinone-8	8	-15.037	1	1	38.131	0.001996	0.044661	34.423	0.001996	0.043368	1	6.9474	0.15968	0.6332	7	34.173	0.003992	0.078084
Ubiquinol-8	8	-15.037	1	1	38.131	0.001996	0.044661	34.423	0.001996	0.043368	1	6.9474	0.15968	0.6332	7	34.173	0.003992	0.078084
2-Demethylmenaquinol 8	4	-5.6901	0.87824	1	18.754	0.033932	0.25574	18.091	0.047904	0.27478	1	7.3461	0.14571	0.616	3	16.649	0.087824	0.33528
Menaquinol 8	8	-10.24	0.99002	1	33.334	0.001996	0.044661	34.892	0.001996	0.043368	2	10.107	0.13174	0.58053	6	34.455	0.001996	0.057415
O2	8	-12.835	0.998	1	32.395	0.001996	0.044661	27.767	0.00998	0.12554	1	11.218	0.075848	0.43342	7	25.444	0.023952	0.21296
tRNA(Val)	1	4.6444	0.16766	0.56097	-4.6444	0.83433	1	4.4992	0.36128	0.67457	1	4.4992	0.29741	0.68734	0	NA	NA	NA
L-Valine	5	9.4229	0.051896	0.3962	-7.8229	0.9481	1	8.8737	0.47904	0.7684	3	12.31	0.10379	0.50917	2	-1.0456	0.99401	0.998
L-Valyl-tRNA(Val)	1	4.6444	0.16766	0.56097	-4.6444	0.83433	1	4.4992	0.36128	0.67457	1	4.4992	0.29741	0.68734	0	NA	NA	NA
MPT synthase small subunit MoaD	5	-3.6938	0.76846	1	9.5362	0.18164	0.62827	10.313	0.36527	0.675	3	2.5738	0.83034	0.93661	2	13.154	0.18563	0.45874
MPT synthase sulfurylated small subunit (MoaD-SH)	5	-3.6938	0.76846	1	9.5362	0.18164	0.62827	10.313	0.36527	0.675	3	2.5738	0.83034	0.93661	2	13.154	0.18563	0.45874
Selenide	5	-6.9778	0.93613	1	12.82	0.093812	0.45314	9.6728	0.43513	0.74964	2	1.4651	0.8503	0.93661	3	11.291	0.25749	0.52199
Oxidized dithiothreitol	3	-1.5479	0.62475	1	1.5479	0.44112	0.95709	4.4499	0.63673	0.84387	2	1.4651	0.8503	0.93661	1	5.6355	0.26747	0.52199
Reduced dithiothreitol	3	-1.5479	0.62475	1	1.5479	0.44112	0.95709	4.4499	0.63673	0.84387	2	1.4651	0.8503	0.93661	1	5.6355	0.26747	0.52199
Fe2+	6	-6.2262	0.89421	1	11.559	0.13174	0.54839	12.641	0.27944	0.61945	3	1.3023	0.92814	0.95761	3	16.574	0.087824	0.33528
L-Selenocysteine	3	-1.5479	0.62475	1	1.5479	0.44112	0.95709	4.4499	0.63673	0.84387	2	1.4651	0.8503	0.93661	1	5.6355	0.26747	0.52199
[2Fe-1S] desulfurated iron-sulfur cluster	3	-2.0263	0.65469	1	2.0263	0.41317	0.9216	4.9366	0.58084	0.82795	2	1.4651	0.8503	0.93661	1	6.4786	0.23154	0.51936
Flavin adenine dinucleotide reduced	7	-5.7711	0.90419	1	5.7711	0.33932	0.84653	7.6177	0.73054	0.85728	4	0.60289	0.97804	0.98946	3	10.94	0.27345	0.52199
IscS sulfur acceptor protein	3	-2.0263	0.65469	1	2.0263	0.41317	0.9216	4.9366	0.58084	0.82795	2	1.4651	0.8503	0.93661	1	6.4786	0.23154	0.51936
IscS with bound sulfur	3	-2.0263	0.65469	1	2.0263	0.41317	0.9216	4.9366	0.58084	0.82795	2	1.4651	0.8503	0.93661	1	6.4786	0.23154	0.51936
IscU with bound [2Fe-2S] cluster	3	-2.0263	0.65469	1	2.0263	0.41317	0.9216	4.9366	0.58084	0.82795	2	1.4651	0.8503	0.93661	1	6.4786	0.23154	0.51936
IscU scaffold protein	3	-2.0263	0.65469	1	2.0263	0.41317	0.9216	4.9366	0.58084	0.82795	2	1.4651	0.8503	0.93661	1	6.4786	0.23154	0.51936
D-Aspartate	1	4.95	0.16168	0.55654	-4.95	0.84032	1	4.8134	0.33134	0.65446	1	4.8134	0.27146	0.68523	0	NA	NA	NA
D-Galactose	7	-21.547	1	1	51.173	0.001996	0.044661	43.505	0.001996	0.043368	0	NA	NA	NA	7	43.505	0.001996	0.057415
Lactose	3	-14.219	1	1	36.847	0.001996	0.044661	36.847	0.001996	0.043368	0	NA	NA	NA	3	36.847	0.003992	0.078084
2-Oxobutanoate	3	7.8224	0.075848	0.45256	-7.1136	0.94611	1	10.531	0.21158	0.55978	2	11.266	0.091816	0.45908	1	2.3079	0.5489	0.75397
L-Cystathionine	3	0.040873	0.50499	0.96677	7.5016	0.20758	0.65766	12.385	0.15369	0.45725	2	5.5213	0.40918	0.78034	1	13.643	0.081836	0.33528
Se-Methyl-L-selenocysteine	1	6.6705	0.0998	0.51041	-6.6705	0.9022	1	6.568	0.24152	0.5859	1	6.568	0.18164	0.6332	0	NA	NA	NA
Methaneselenol	4	1.5929	0.31936	0.77513	5.5529	0.35329	0.8604	14.927	0.12375	0.4127	2	11.266	0.091816	0.45908	2	9.8442	0.25349	0.52199
Methanethiol CH4S	1	6.6705	0.0998	0.51041	-6.6705	0.9022	1	6.568	0.24152	0.5859	1	6.568	0.18164	0.6332	0	NA	NA	NA
O-Succinyl-L-homoserine	2	-1.0883	0.56886	0.99207	10.326	0.1477	0.57476	13.004	0.10579	0.38699	1	6.568	0.18164	0.6332	1	11.822	0.11178	0.36523
L-Cysteinyl-tRNA(Cys)	1	-0.3036	0.54691	0.99207	0.3036	0.45509	0.96977	-0.71091	0.9481	0.98378	0	NA	NA	NA	1	-0.71091	0.96806	0.99634
tRNA(Cys)	1	-0.3036	0.54691	0.99207	0.3036	0.45509	0.96977	-0.71091	0.9481	0.98378	0	NA	NA	NA	1	-0.71091	0.96806	0.99634
UDP-N-acetyl-D-mannosamine	2	-0.48023	0.50499	0.96677	0.48023	0.51098	1	3.2374	0.69261	0.8493	1	1.9198	0.56886	0.87516	1	2.6587	0.51497	0.7278
3-Hydroxypropanal	8	-19.951	1	1	52.283	0.001996	0.044661	51.761	0.001996	0.043368	1	0.52507	0.78044	0.93661	7	55.136	0.001996	0.057415
Ethanol	5	-1.2245	0.58683	1	7.9314	0.23353	0.70295	11.561	0.30339	0.62871	2	7.4952	0.26547	0.68339	3	8.8054	0.39321	0.63781
(R)-Glycerate	2	-5.0718	0.86826	1	14.309	0.083832	0.45314	9.1486	0.22954	0.5859	1	0.52507	0.78044	0.93661	1	12.413	0.10579	0.36175
3-Hydroxypropionyl-CoA	3	-8.8809	0.97804	1	23.966	0.007984	0.080515	24.868	0.007984	0.10801	1	0.52507	0.78044	0.93661	2	30.085	0.005988	0.091504
Cytosine	5	-11.727	0.99601	1	29.254	0.003992	0.062137	23.66	0.011976	0.12628	0	NA	NA	NA	5	23.66	0.025948	0.21506
Deoxyadenosine	5	3.3314	0.2495	0.67668	4.5485	0.38922	0.9154	18.887	0.045908	0.27478	2	13.165	0.05988	0.38922	3	13.633	0.16367	0.44219
Deoxyinosine	4	4.7095	0.14172	0.55654	4.1005	0.41118	0.9216	20.288	0.017964	0.16304	2	13.165	0.05988	0.38922	2	15.526	0.12575	0.37725
Inosine	6	-12.991	0.99601	1	28.991	0.003992	0.062137	24.038	0.017964	0.16304	0	NA	NA	NA	6	24.038	0.023952	0.21296
Thymine	5	-11.727	0.99601	1	29.254	0.003992	0.062137	21.265	0.023952	0.1974	0	NA	NA	NA	5	21.265	0.053892	0.2775
5-Methylcytosine	2	-1.1272	0.57086	0.99207	1.1272	0.4511	0.96702	0.18726	0.95808	0.98544	0	NA	NA	NA	2	0.18726	0.95609	0.99634
Dodecanoate	1	0.53751	0.4511	0.92975	-0.53751	0.55289	1	-0.2299	0.89022	0.94701	1	-0.2299	0.87226	0.93661	0	NA	NA	NA
Hexadecanoate (n-C16:0)	1	0.53751	0.4511	0.92975	-0.53751	0.55289	1	-0.2299	0.89022	0.94701	1	-0.2299	0.87226	0.93661	0	NA	NA	NA
hexadecenoate (n-C16:1)	1	0.53751	0.4511	0.92975	-0.53751	0.55289	1	-0.2299	0.89022	0.94701	1	-0.2299	0.87226	0.93661	0	NA	NA	NA
octadecanoate (n-C18:0)	1	0.53751	0.4511	0.92975	-0.53751	0.55289	1	-0.2299	0.89022	0.94701	1	-0.2299	0.87226	0.93661	0	NA	NA	NA
octadecenoate (n-C18:1)	1	0.53751	0.4511	0.92975	-0.53751	0.55289	1	-0.2299	0.89022	0.94701	1	-0.2299	0.87226	0.93661	0	NA	NA	NA
octadecynoate (n-C18:2)	1	0.53751	0.4511	0.92975	-0.53751	0.55289	1	-0.2299	0.89022	0.94701	1	-0.2299	0.87226	0.93661	0	NA	NA	NA
tetradecanoate	1	0.53751	0.4511	0.92975	-0.53751	0.55289	1	-0.2299	0.89022	0.94701	1	-0.2299	0.87226	0.93661	0	NA	NA	NA
tetradecenoate (n-C14:1)	1	0.53751	0.4511	0.92975	-0.53751	0.55289	1	-0.2299	0.89022	0.94701	1	-0.2299	0.87226	0.93661	0	NA	NA	NA
UDPglucose	14	3.7684	0.24152	0.66255	-0.27696	0.75449	1	10.786	0.85429	0.93802	11	7.5779	0.86427	0.93661	3	8.7895	0.39521	0.63781
UDPgalactose	4	-1.0574	0.53293	0.99112	7.5894	0.27345	0.73884	8.9297	0.36727	0.67694	3	2.8795	0.80639	0.93661	1	12.872	0.0998	0.35622
UDP-N-acetyl-D-galactosamine	1	0.90755	0.41317	0.90746	-0.90755	0.58882	1	0.34747	0.82635	0.92734	1	0.34747	0.81238	0.93661	0	NA	NA	NA
1-Pyrroline-5-carboxylate	2	-3.5436	0.76447	1	12.781	0.11776	0.50491	12.313	0.11976	0.4127	1	2.9925	0.43114	0.80068	1	14.421	0.067864	0.31307
L-Glutamate 5-phosphate	2	6.006	0.12774	0.5503	-6.006	0.90419	1	5.7801	0.40319	0.70855	2	5.7801	0.38723	0.75984	0	NA	NA	NA
D-4-Hydroxy-2-oxoglutarate	1	12.919	0.013972	0.20842	-8.2095	1	1	12.866	0.093812	0.37464	1	12.866	0.055888	0.38749	0	NA	NA	NA
4-Hydroxy-L-glutamate	1	12.919	0.013972	0.20842	-8.2095	1	1	12.866	0.093812	0.37464	1	12.866	0.055888	0.38749	0	NA	NA	NA
Mercaptopyruvate	1	12.919	0.013972	0.20842	-8.2095	1	1	12.866	0.093812	0.37464	1	12.866	0.055888	0.38749	0	NA	NA	NA
Oxaloacetate	3	9.2607	0.051896	0.3962	-6.5416	0.93812	1	8.5965	0.28942	0.61945	2	11.289	0.091816	0.45908	1	-1.075	0.98004	0.99634
(S)-2-Aceto-2-hydroxybutanoate	2	-2.7573	0.6986	1	2.7573	0.34531	0.85256	2.279	0.79441	0.89983	0	NA	NA	NA	2	2.279	0.79641	0.90858
(R)-2,3-Dihydroxy-3-methylpentanoate	1	-1.3405	0.61078	1	1.3405	0.39321	0.91707	0.91502	0.74052	0.86334	0	NA	NA	NA	1	0.91502	0.80439	0.90858
Selenite	2	-9.1371	0.97804	1	18.375	0.01996	0.17014	9.8442	0.19162	0.52239	0	NA	NA	NA	2	9.8442	0.25349	0.52199
Methylselenic acid	2	-9.1371	0.97804	1	18.375	0.01996	0.17014	9.8442	0.19162	0.52239	0	NA	NA	NA	2	9.8442	0.25349	0.52199
D-Mannose 1-phosphate	1	6.6526	0.0998	0.51041	-6.6526	0.9022	1	6.5498	0.24152	0.5859	1	6.5498	0.18363	0.6332	0	NA	NA	NA
D-Mannose 6-phosphate	2	2.8562	0.25948	0.69324	-2.8562	0.75649	1	6.3052	0.35928	0.67436	1	6.5498	0.18363	0.6332	1	2.367	0.54291	0.74996
Dephospho-CoA	1	0.0917	0.501	0.96677	-0.0917	0.501	1	-1.4533	0.97206	0.9872	1	-1.4533	0.98204	0.99157	0	NA	NA	NA
UDP-N-acetylmuramoyl-L-alanine	2	-1.8761	0.62275	1	1.8761	0.40719	0.9216	2.3316	0.79042	0.89815	1	0.10024	0.8483	0.93661	1	3.1971	0.43713	0.66576
UDP-N-acetylmuramate	2	2.5647	0.27944	0.72225	-2.5647	0.73653	1	1.9539	0.83034	0.92734	2	1.9539	0.79641	0.93661	0	NA	NA	NA
peptidoglycan with D-lac as C-terminal residue to form pentadepsipeptide	3	-3.1943	0.74251	1	3.1943	0.3493	0.85651	-2.4762	0.99601	0.9974	0	NA	NA	NA	2	2.7723	0.76447	0.90858
Undecaprenyl-diphospho-N-acetylmuramoyl-(N-acetylglucosamine)-L-alanyl-D-glutamyl-meso-2,6-diaminopimeloyl-D-alanyl-D-lactate	4	-4.353	0.8004	1	4.353	0.39122	0.9154	-0.74153	0.99002	0.99557	0	NA	NA	NA	3	3.8835	0.76846	0.90858
2-Amino-4-hydroxy-6-(erythro-1,2,3-trihydroxypropyl)dihydropteridine triphosphate	4	6.1688	0.10379	0.51041	-5.5867	0.91617	1	6.836	0.53693	0.80761	3	7.3429	0.33333	0.71923	1	0.95374	0.79441	0.90858
2-Amino-4-hydroxy-6-(D-erythro-1,2,3-trihydroxypropyl)-7,8-dihydropteridine	4	6.2766	0.1018	0.51041	-5.6946	0.91816	1	6.9483	0.52495	0.79407	3	7.4726	0.31737	0.71551	1	0.95374	0.79441	0.90858
dIMP	2	13.284	0.013972	0.20842	-10.062	0.99401	1	13.165	0.0998	0.37464	2	13.165	0.05988	0.38922	0	NA	NA	NA
1-deoxy-D-xylulose 5-phosphate	2	-7.1917	0.93812	1	16.429	0.053892	0.37103	10.333	0.16766	0.48279	0	NA	NA	NA	2	10.333	0.23154	0.51936
Sulfite	1	-0.76279	0.57485	0.99659	0.76279	0.42914	0.94543	0.13681	0.8483	0.93431	0	NA	NA	NA	1	0.13681	0.9022	0.98476
tRNA(Tyr)	1	5.0456	0.15968	0.55654	-5.0456	0.84232	1	4.9115	0.32335	0.64401	1	4.9115	0.26547	0.68339	0	NA	NA	NA
L-Tyrosyl-tRNA(Tyr)	1	5.0456	0.15968	0.55654	-5.0456	0.84232	1	4.9115	0.32335	0.64401	1	4.9115	0.26547	0.68339	0	NA	NA	NA
N1-(5-Phospho-D-ribosyl)glycinamide	2	5.0193	0.15968	0.55654	-5.0193	0.86427	1	4.7382	0.52096	0.79137	2	4.7382	0.49301	0.85172	0	NA	NA	NA
5-Phospho-beta-D-ribosylamine	2	4.76	0.17166	0.56901	-4.76	0.8483	1	4.4701	0.5489	0.81483	2	4.4701	0.51297	0.86888	0	NA	NA	NA
5-Amino-1-(5-Phospho-D-ribosyl)imidazole-4-carboxamide	2	6.1075	0.11976	0.52931	-6.1075	0.91218	1	5.8805	0.38922	0.70651	2	5.8805	0.38124	0.75955	0	NA	NA	NA
5-Formamido-1-(5-phospho-D-ribosyl)imidazole-4-carboxamide	1	5.1298	0.15569	0.55654	-5.1298	0.84631	1	4.9978	0.31936	0.64141	1	4.9978	0.26347	0.68339	0	NA	NA	NA
N2-Formyl-N1-(5-phospho-D-ribosyl)glycinamide	3	7.1697	0.085828	0.48772	-7.1697	0.9501	1	6.8815	0.4012	0.70678	3	6.8815	0.37924	0.75848	0	NA	NA	NA
2-(Formamido)-N1-(5-phospho-D-ribosyl)acetamidine	3	5.6449	0.13373	0.5503	-5.6449	0.90619	1	5.2535	0.5509	0.8161	3	5.2535	0.56687	0.87516	0	NA	NA	NA
(S)-2-[5-Amino-1-(5-phospho-D-ribosyl)imidazole-4-carboxamido]succinate	2	4.0923	0.19162	0.58847	-4.0923	0.82236	1	3.7626	0.63473	0.84387	2	3.7626	0.57485	0.87516	0	NA	NA	NA
Fumarate	6	10.511	0.027944	0.30315	-5.178	0.89421	1	9.3182	0.50699	0.7862	5	10.424	0.27345	0.68533	1	-0.48412	0.95808	0.99634
5-phosphoribosyl-5-carboxyaminoimidazole	2	2.827	0.26547	0.7066	-2.827	0.7505	1	2.3867	0.78443	0.89276	2	2.3867	0.74052	0.92122	0	NA	NA	NA
(S)-2-Acetolactate	2	-3.0099	0.71457	1	3.0099	0.32934	0.83325	2.5819	0.77445	0.88703	0	NA	NA	NA	2	2.5819	0.77844	0.90858
S-Adenosyl-L-homocysteine	12	-17.485	1	1	47.654	0.001996	0.044661	25.823	0.021956	0.18305	2	6.5695	0.33733	0.72185	10	25.349	0.051896	0.2775
S-Adenosyl-L-methionine	13	-18.562	1	1	51.172	0.001996	0.044661	28.371	0.007984	0.10801	3	6.0856	0.46707	0.83659	10	29.015	0.013972	0.16267
2,5-Diamino-6-hydroxy-4-(5-phosphoribosylamino)-pyrimidine	3	9.9154	0.041916	0.37515	-2.373	0.71058	1	14.286	0.095808	0.37464	1	21.273	0.025948	0.31379	2	2.4547	0.78842	0.90858
3,4-dihydroxy-2-butanone 4-phosphate	4	7.6712	0.073852	0.45256	-1.1392	0.69661	1	13.099	0.18962	0.52091	1	21.273	0.025948	0.31379	3	2.8435	0.85429	0.943
2,5-Diamino-6-(ribosylamino)-4-(3H)-pyrimidinone 5-phosphate	3	9.9154	0.041916	0.37515	-2.373	0.71058	1	14.286	0.095808	0.37464	1	21.273	0.025948	0.31379	2	2.4547	0.78842	0.90858
Glycine betaine	5	-8.0708	0.96008	1	8.0708	0.22555	0.70214	7.3767	0.60679	0.84387	0	NA	NA	NA	5	7.3767	0.69661	0.87568
Putrescine	5	-0.82701	0.56487	0.99207	0.82701	0.57685	1	1.6982	0.96607	0.98671	3	0.35361	0.97605	0.98946	2	2.2519	0.80439	0.90858
Spermidine	5	-0.82701	0.56487	0.99207	0.82701	0.57685	1	1.6982	0.96607	0.98671	3	0.35361	0.97605	0.98946	2	2.2519	0.80439	0.90858
2-Deoxy-D-ribose 1-phosphate	4	-11.963	0.998	1	31.558	0.003992	0.062137	31.933	0.001996	0.043368	1	0.045729	0.85429	0.93661	3	36.847	0.003992	0.078084
alpha-D-Ribose 1-phosphate	4	-11.963	0.998	1	31.558	0.003992	0.062137	31.933	0.001996	0.043368	1	0.045729	0.85429	0.93661	3	36.847	0.003992	0.078084
Melibiose	3	-13.955	1	1	29.04	0.001996	0.044661	23.616	0.011976	0.12628	0	NA	NA	NA	3	23.616	0.015968	0.16975
Raffinose	2	-11.286	0.99601	1	20.524	0.005988	0.062137	13.881	0.091816	0.37464	0	NA	NA	NA	2	13.881	0.16766	0.44318
3-Dehydroquinate	1	-8.2095	1	1	21.273	0.10379	0.45314	20.462	0.043912	0.26682	0	NA	NA	NA	1	20.462	0.0499	0.27417
PQQ (Pyrroloquinoline-quinone) oxidized form	1	-8.2095	1	1	21.273	0.10379	0.45314	20.462	0.043912	0.26682	0	NA	NA	NA	1	20.462	0.0499	0.27417
PQQ (pyrroloquinoline-quinone) reduced form	1	-8.2095	1	1	21.273	0.10379	0.45314	20.462	0.043912	0.26682	0	NA	NA	NA	1	20.462	0.0499	0.27417
Quinate	1	-8.2095	1	1	21.273	0.10379	0.45314	20.462	0.043912	0.26682	0	NA	NA	NA	1	20.462	0.0499	0.27417
Dihydroxyacetone	5	-1.4332	0.60679	1	7.7962	0.24152	0.70295	15.538	0.12575	0.41549	2	6.4577	0.34531	0.72992	3	14.787	0.12575	0.37725
(R)-Pantothenate	1	-1.2135	0.60279	1	1.2135	0.3992	0.91906	0.75567	0.77246	0.88616	0	NA	NA	NA	1	0.75567	0.80639	0.90858
(R)-4-Phosphopantothenoyl-L-cysteine	1	-1.2135	0.60279	1	1.2135	0.3992	0.91906	0.75567	0.77246	0.88616	0	NA	NA	NA	1	0.75567	0.80639	0.90858
N-((R)-Pantothenoyl)-L-cysteine	1	-1.2135	0.60279	1	1.2135	0.3992	0.91906	0.75567	0.77246	0.88616	0	NA	NA	NA	1	0.75567	0.80639	0.90858
Pantetheine	1	-1.2135	0.60279	1	1.2135	0.3992	0.91906	0.75567	0.77246	0.88616	0	NA	NA	NA	1	0.75567	0.80639	0.90858
Propanoyl-CoA	3	-14.219	1	1	36.847	0.001996	0.044661	30.228	0.001996	0.043368	0	NA	NA	NA	3	30.228	0.003992	0.078084
Deoxyribose	3	-8.9142	0.97804	1	23.999	0.007984	0.080515	15.046	0.083832	0.37464	1	0.44691	0.79042	0.93661	2	18.111	0.055888	0.2775
D-Ribose	9	-4.3784	0.81038	1	18.291	0.0499	0.35028	23.912	0.013972	0.1411	4	9.4869	0.25749	0.68339	5	23.595	0.025948	0.21506
L-Fucose	1	-8.2095	1	1	21.273	0.10379	0.45314	12.45	0.0998	0.37464	0	NA	NA	NA	1	12.45	0.10579	0.36175
Flavodoxin reduced	3	-0.67911	0.55888	0.99207	8.2216	0.19561	0.64246	12.96	0.13772	0.42748	2	4.4815	0.51297	0.86888	1	16.109	0.061876	0.28817
Flavodoxin semi oxidized	3	-0.67911	0.55888	0.99207	8.2216	0.19561	0.64246	12.96	0.13772	0.42748	2	4.4815	0.51297	0.86888	1	16.109	0.061876	0.28817
5,6-dihydrouracil	2	-11.61	1	1	30.085	0.005988	0.062137	18.393	0.01996	0.17668	0	NA	NA	NA	2	18.393	0.047904	0.27417
(R)-5,6-Dihydrothymine	2	-11.61	1	1	30.085	0.005988	0.062137	18.393	0.01996	0.17668	0	NA	NA	NA	2	18.393	0.047904	0.27417
L-Leucyl-tRNA(Leu)	1	3.7328	0.21557	0.61987	-3.7328	0.78643	1	3.5545	0.43912	0.74964	1	3.5545	0.38523	0.75984	0	NA	NA	NA
tRNA(Leu)	1	3.7328	0.21557	0.61987	-3.7328	0.78643	1	3.5545	0.43912	0.74964	1	3.5545	0.38523	0.75984	0	NA	NA	NA
1D-myo-Inositol 1-phosphate	3	-1.8275	0.6487	1	1.8275	0.41916	0.9263	5.6405	0.52295	0.79272	2	2.1352	0.77645	0.93661	1	6.75	0.22754	0.51936
Deoxyguanosine	4	4.3034	0.15369	0.55654	4.5067	0.39122	0.9154	20.774	0.017964	0.16304	2	13.165	0.05988	0.38922	2	16.214	0.10579	0.36175
2-Amino-4-hydroxy-6-hydroxymethyl-7,8-dihydropteridine	3	3.8218	0.22156	0.6295	-3.8218	0.81637	1	3.0856	0.75649	0.87625	3	3.0856	0.79242	0.93661	0	NA	NA	NA
Glycolaldehyde	2	1.9468	0.32136	0.77692	-1.9468	0.69062	1	3.239	0.69261	0.8493	1	3.8103	0.36527	0.75188	1	0.77036	0.80639	0.90858
7,8-Dihydromonapterin	1	3.9783	0.20359	0.60237	-3.9783	0.8004	1	3.8103	0.42315	0.73631	1	3.8103	0.36527	0.75188	0	NA	NA	NA
2-Amino-4-hydroxy-6-hydroxymethyl-7,8-dihydropteridine diphosphate	2	1.8676	0.32934	0.78866	-1.8676	0.68064	1	1.0848	0.89421	0.94705	2	1.0848	0.88822	0.93661	0	NA	NA	NA
L-Malate	4	-3.5844	0.72854	1	10.116	0.18563	0.63593	4.3406	0.76846	0.88616	1	1.2559	0.66467	0.87536	3	4.287	0.73653	0.90493
Phenylacetaldehyde	2	-7.2924	0.94212	1	7.2924	0.17764	0.6235	7.1035	0.31737	0.64141	0	NA	NA	NA	2	7.1035	0.39521	0.63781
Phenylethyl alcohol	2	-7.2924	0.94212	1	7.2924	0.17764	0.6235	7.1035	0.31737	0.64141	0	NA	NA	NA	2	7.1035	0.39521	0.63781
N-Acetyl-D-muramoate	3	-4.8688	0.84431	1	4.8688	0.27146	0.73622	4.1503	0.67265	0.8493	0	NA	NA	NA	3	4.1503	0.74251	0.90546
N-Acetyl-D-muramoyl-L-alanine	3	-4.8688	0.84431	1	4.8688	0.27146	0.73622	4.1503	0.67265	0.8493	0	NA	NA	NA	3	4.1503	0.74251	0.90546
Lipoteichoic acid (n=25 with glucose residues, LRE specific)	4	1.7554	0.30739	0.75373	-1.7554	0.74251	1	7.4756	0.49501	0.78148	3	5.1683	0.57285	0.87516	1	5.9994	0.25349	0.52199
Diglucosyl-diacylglycerol	3	2.6547	0.30539	0.7514	-2.6547	0.73253	1	1.8704	0.88623	0.94701	3	1.8704	0.87824	0.93661	0	NA	NA	NA
Lipoteichoic acid specific for L.reuteri	2	-2.9749	0.71457	1	2.9749	0.32934	0.83325	5.3603	0.45709	0.75632	1	1.5812	0.6008	0.87516	1	5.9994	0.25349	0.52199
capsular polysaccharide linkage unit, LRE specific	5	5.8806	0.13573	0.55217	-5.8806	0.90619	1	5.6884	0.71856	0.8493	4	6.4408	0.53293	0.87421	1	-0.16208	0.93812	0.99634
1,5-Diaminopentane	1	-0.53658	0.55489	0.99207	0.53658	0.44711	0.96702	-0.23156	0.89421	0.94705	0	NA	NA	NA	1	-0.23156	0.94611	0.99634
1-lysyl-phosphatidyl glycerol	1	0.0022062	0.51297	0.97031	-0.0022062	0.48902	0.99472	-2.9182	0.99002	0.99557	1	-2.9182	1	1	0	NA	NA	NA
4-Hydroxy-benzyl alcohol	1	-8.2095	1	1	21.273	0.10379	0.45314	12.967	0.093812	0.37464	0	NA	NA	NA	1	12.967	0.0998	0.35622
Guanosine	5	-13.713	1	1	31.24	0.001996	0.044661	26.026	0.003992	0.068149	0	NA	NA	NA	5	26.026	0.015968	0.16975
Xanthosine	5	-13.713	1	1	31.24	0.001996	0.044661	26.026	0.003992	0.068149	0	NA	NA	NA	5	26.026	0.015968	0.16975
Nicotinamide-beta-riboside	1	-1.9698	0.66866	1	1.9698	0.33333	0.84038	1.656	0.65868	0.8493	0	NA	NA	NA	1	1.656	0.68663	0.86985
Nicotinate D-ribonucleoside	2	-7.1979	0.93812	1	16.435	0.053892	0.37103	16.214	0.053892	0.29497	0	NA	NA	NA	2	16.214	0.10579	0.36175
Protoheme	1	0.7941	0.42116	0.91378	-0.7941	0.58283	1	0.18367	0.84032	0.9298	1	0.18367	0.83633	0.93661	0	NA	NA	NA
Protoporphyrin	1	0.7941	0.42116	0.91378	-0.7941	0.58283	1	0.18367	0.84032	0.9298	1	0.18367	0.83633	0.93661	0	NA	NA	NA
K+	2	-0.16316	0.48303	0.95539	0.16316	0.53094	1	-0.15257	0.97206	0.9872	1	-0.30106	0.88623	0.93661	1	0.085296	0.90818	0.98909
Reduced riboflavin	2	-11.61	1	1	30.085	0.005988	0.062137	16.344	0.047904	0.27478	0	NA	NA	NA	2	16.344	0.095808	0.34704
6-Phospho-D-gluconate	3	-0.23134	0.51896	0.97271	0.23134	0.52295	1	2.8218	0.78244	0.8919	2	1.3524	0.86028	0.93661	1	2.9749	0.4511	0.67665
6-phospho-D-glucono-1,5-lactone	2	-1.6265	0.61078	1	1.6265	0.41717	0.9263	2.3229	0.79242	0.89899	1	0.3102	0.82036	0.93661	1	2.9749	0.4511	0.67665
Undecaprenyl-diphospho-N-acetylmuramoyl-L-alanyl-D-glutamyl-meso-2,6-diaminopimeloyl-D-alanyl-D-lactate	2	-4.1721	0.80639	1	4.1721	0.25948	0.72011	3.8593	0.62675	0.84387	0	NA	NA	NA	2	3.8593	0.63074	0.81812
Undecaprenyl phosphate	5	-6.4323	0.91218	1	6.4323	0.29541	0.77762	8.132	0.54291	0.80761	1	2.1727	0.54092	0.87516	4	8.0055	0.55689	0.76279
Undecaprenyl-diphospho-N-acetylmuramoyl-L-alanyl-D-glutamyl-L-lysyl-D-alanyl-D-alanine	2	-4.1721	0.80639	1	4.1721	0.25948	0.72011	3.8593	0.62675	0.84387	0	NA	NA	NA	2	3.8593	0.63074	0.81812
Undecaprenyl-diphospho-N-acetylmuramoyl-L-alanyl-D-glutamyl-meso-2,6-diaminopimeloyl-D-alanyl-D-alanine	1	-2.8781	0.73453	1	2.8781	0.26946	0.73622	2.652	0.51697	0.79001	0	NA	NA	NA	1	2.652	0.51497	0.7278
Undecaprenyl-diphospho-N-acetylmuramoyl-(N-acetylglucosamine)-L-alanyl-D-glutamyl-L-lysyl-D-alanyl-D-alanine	1	-3.0222	0.7485	1	3.0222	0.25349	0.7174	2.8058	0.501	0.78542	0	NA	NA	NA	1	2.8058	0.48703	0.70046
L-Isoleucyl-tRNA(Ile)	1	4.6391	0.16766	0.56097	-4.6391	0.83433	1	4.4937	0.36327	0.67479	1	4.4937	0.29741	0.68734	0	NA	NA	NA
tRNA(Ile)	1	4.6391	0.16766	0.56097	-4.6391	0.83433	1	4.4937	0.36327	0.67479	1	4.4937	0.29741	0.68734	0	NA	NA	NA
ADPribose	1	0.44393	0.45709	0.92975	-0.44393	0.54691	1	-0.40454	0.91018	0.95689	1	-0.40454	0.9002	0.93661	0	NA	NA	NA
5-Methylthioadenosine	1	-0.23195	0.53693	0.99207	0.23195	0.46707	0.98305	-0.9024	0.95609	0.98544	0	NA	NA	NA	1	-0.9024	0.97804	0.99634
5-Methylthio-D-ribose	1	-0.23195	0.53693	0.99207	0.23195	0.46707	0.98305	-0.9024	0.95609	0.98544	0	NA	NA	NA	1	-0.9024	0.97804	0.99634
S-Ribosyl-L-homocysteine	2	4.5569	0.17764	0.57554	-4.5569	0.83832	1	4.0104	0.61477	0.84387	1	6.5739	0.17764	0.6332	1	-0.9024	0.97804	0.99634
Isocitrate	1	1.2629	0.38723	0.86372	-1.2629	0.61477	1	0.81819	0.75449	0.87536	1	0.81819	0.74052	0.92122	0	NA	NA	NA
4-Phospho-L-aspartate	2	12.118	0.01996	0.2464	-9.664	0.99202	1	11.988	0.12974	0.42092	2	11.988	0.071856	0.43342	0	NA	NA	NA
O-Acetyl-L-serine	3	0.39068	0.47904	0.95539	7.1518	0.20758	0.65766	12.74	0.14172	0.43798	2	5.9556	0.37924	0.75848	1	13.643	0.081836	0.33528
Succinyl-CoA	4	-6.3564	0.91617	1	19.42	0.033932	0.25574	21.831	0.011976	0.12628	1	7.1822	0.1517	0.6332	3	21.062	0.025948	0.21506
2,3,4,5-Tetrahydrodipicolinate	2	11.932	0.01996	0.2464	-10.95	0.998	1	11.815	0.13573	0.42748	2	11.815	0.077844	0.43526	0	NA	NA	NA
2,3-Dihydrodipicolinate	2	11.427	0.025948	0.29029	-10.445	0.99601	1	11.303	0.1477	0.44311	2	11.303	0.08982	0.45908	0	NA	NA	NA
L-Aspartate 4-semialdehyde	3	13.278	0.013972	0.20842	-11.275	0.998	1	13.102	0.13772	0.42748	3	13.102	0.083832	0.45887	0	NA	NA	NA
D-Gluconate	3	-2.8122	0.71058	1	10.355	0.15968	0.6114	9.4968	0.2475	0.59154	2	1.8513	0.80838	0.93661	1	13.831	0.071856	0.31943
(D)-Glycerate	1	-8.2095	1	1	21.273	0.10379	0.45314	12.413	0.1018	0.37623	0	NA	NA	NA	1	12.413	0.10579	0.36175
dTDP-6-deoxy-L-mannose	1	1.6018	0.36527	0.82176	-1.6018	0.63673	1	1.2308	0.70858	0.8493	1	1.2308	0.67066	0.87536	0	NA	NA	NA
dTDP-4-dehydro-6-deoxy-L-mannose	2	-1.8807	0.62275	1	1.8807	0.40719	0.9216	3.7723	0.63473	0.84387	1	1.2308	0.67066	0.87536	1	4.104	0.36327	0.61045
dTDP-4-dehydro-6-deoxy-D-glucose	2	-5.8606	0.90619	1	5.8606	0.19361	0.64246	5.6317	0.41517	0.72604	0	NA	NA	NA	2	5.6317	0.47106	0.68966
dTDPglucose	3	0.09404	0.49701	0.96677	-0.094037	0.54291	1	7.8734	0.33134	0.65446	1	7.0456	0.15569	0.6332	2	4.6609	0.5489	0.75397
UDP-D-galacto-1,4-furanose	2	3.6678	0.20559	0.60577	-3.6678	0.80838	1	3.281	0.69062	0.8493	2	3.281	0.62874	0.87516	0	NA	NA	NA
alpha-D galactose	2	-11.61	1	1	30.085	0.005988	0.062137	22.381	0.003992	0.068149	0	NA	NA	NA	2	22.381	0.01996	0.19138
O-Phospho-L-serine	2	-4.6667	0.85429	1	13.904	0.08982	0.45314	10.524	0.16567	0.48091	1	1.2403	0.67066	0.87536	1	13.643	0.081836	0.33528
2-Demethylmenaquinone 7	1	7.4383	0.07984	0.46476	-7.4384	0.92216	1	7.3461	0.20958	0.55978	1	7.3461	0.14571	0.616	0	NA	NA	NA
Menaquinol	1	7.4383	0.07984	0.46476	-7.4384	0.92216	1	7.3461	0.20958	0.55978	1	7.3461	0.14571	0.616	0	NA	NA	NA
Demethylmenaquinol	2	5.2217	0.1517	0.55654	-5.2218	0.87226	1	3.9789	0.61477	0.84387	1	7.3461	0.14571	0.616	1	-1.7192	0.99401	0.998
1-Aminopropan-2-ol	2	-8.3295	0.96407	1	17.567	0.02994	0.23819	8.6284	0.24351	0.5859	0	NA	NA	NA	2	8.6284	0.2994	0.53433
5-Amino-4-oxopentanoate	3	-8.0253	0.96407	1	8.0253	0.1976	0.64311	7.7663	0.33733	0.66083	0	NA	NA	NA	3	7.7663	0.45908	0.68028
Methylglyoxal	1	-3.5701	0.76846	1	3.5701	0.23553	0.70295	3.3843	0.4511	0.75551	0	NA	NA	NA	1	3.3843	0.42914	0.66507
Acetol cytosol	1	-3.5701	0.76846	1	3.5701	0.23553	0.70295	3.3843	0.4511	0.75551	0	NA	NA	NA	1	3.3843	0.42914	0.66507
(R)-Propane-1,2-diol	4	-14.099	1	1	33.695	0.001996	0.044661	33.602	0.001996	0.043368	0	NA	NA	NA	4	33.602	0.001996	0.057415
Aminoacetone	1	-3.5701	0.76846	1	3.5701	0.23553	0.70295	3.3843	0.4511	0.75551	0	NA	NA	NA	1	3.3843	0.42914	0.66507
Phosphatidylglycerol	1	0.57314	0.44311	0.92975	-0.57314	0.55888	1	-0.1676	0.88423	0.94701	1	-0.1676	0.87026	0.93661	0	NA	NA	NA
Glycerophosphoglycoglycerolipid	1	0.57314	0.44311	0.92975	-0.57314	0.55888	1	-0.1676	0.88423	0.94701	1	-0.1676	0.87026	0.93661	0	NA	NA	NA
Mg	1	-0.6484	0.56487	0.99207	0.6484	0.43713	0.95709	-0.041936	0.87425	0.94701	0	NA	NA	NA	1	-0.041936	0.92216	0.99634
L-methionine-R-sulfoxide	2	-3.7479	0.78443	1	12.985	0.11178	0.48212	8.085	0.25549	0.59283	1	2.6853	0.46707	0.83659	1	8.7486	0.16766	0.44318
L-Methionine Sulfoxide	3	-4.0053	0.80439	1	11.548	0.12774	0.53488	9.3458	0.25749	0.59362	1	2.6853	0.46707	0.83659	2	9.5474	0.26547	0.52199
Orotidine 5-phosphate	2	18.931	0.001996	0.095276	-11.61	1	1	18.857	0.017964	0.16304	2	18.857	0.003992	0.07984	0	NA	NA	NA
Orotate	2	18.526	0.001996	0.095276	-11.61	1	1	18.45	0.017964	0.16304	2	18.45	0.007984	0.12974	0	NA	NA	NA
(S)-Dihydroorotate	2	19.927	0.001996	0.095276	-11.61	1	1	19.855	0.00998	0.12554	2	19.855	0.001996	0.061054	0	NA	NA	NA
Hydrogen peroxide	1	11.279	0.021956	0.26645	-8.2095	1	1	11.218	0.11577	0.40689	1	11.218	0.075848	0.43342	0	NA	NA	NA
N-Carbamoyl-L-aspartate	2	21.202	0.001996	0.095276	-11.61	1	1	21.135	0.005988	0.089446	2	21.135	0.001996	0.061054	0	NA	NA	NA
Propane-1,3-diol	1	-8.2095	1	1	21.273	0.10379	0.45314	18.237	0.047904	0.27478	0	NA	NA	NA	1	18.237	0.057884	0.2775
Propanal	6	-20.109	1	1	52.109	0.001996	0.044661	50.869	0.001996	0.043368	0	NA	NA	NA	6	50.869	0.001996	0.057415
1-Propanol	2	-11.61	1	1	30.085	0.005988	0.062137	27.938	0.001996	0.043368	0	NA	NA	NA	2	27.938	0.00998	0.12513
Folate	1	1.1702	0.38922	0.86547	-1.1702	0.61277	1	0.7001	0.78244	0.8919	1	0.7001	0.76647	0.93661	0	NA	NA	NA
Glycyl-tRNA(Gly)	2	3.4601	0.21557	0.61987	-3.4601	0.7984	1	3.0901	0.6986	0.8493	2	3.0901	0.65269	0.87516	0	NA	NA	NA
tRNA(Gly)	2	3.4601	0.21557	0.61987	-3.4601	0.7984	1	3.0901	0.6986	0.8493	2	3.0901	0.65269	0.87516	0	NA	NA	NA
Undecaprenol	1	-6.111	0.86228	1	6.111	0.13972	0.5652	5.9994	0.26747	0.60496	0	NA	NA	NA	1	5.9994	0.25349	0.52199
Biotin	1	6.3314	0.10978	0.51041	-6.3314	0.89222	1	6.2236	0.25549	0.59283	1	6.2236	0.19361	0.6332	0	NA	NA	NA
Apo-[carboxylase]	1	6.3314	0.10978	0.51041	-6.3314	0.89222	1	6.2236	0.25549	0.59283	1	6.2236	0.19361	0.6332	0	NA	NA	NA
Biotinyl-5-AMP	1	6.3314	0.10978	0.51041	-6.3314	0.89222	1	6.2236	0.25549	0.59283	1	6.2236	0.19361	0.6332	0	NA	NA	NA
Holo-[carboxylase]	1	6.3314	0.10978	0.51041	-6.3314	0.89222	1	6.2236	0.25549	0.59283	1	6.2236	0.19361	0.6332	0	NA	NA	NA
N(omega)-(L-Arginino)succinate	2	29.147	0.001996	0.095276	-11.61	1	1	29.122	0.001996	0.043368	2	29.122	0.001996	0.061054	0	NA	NA	NA
(S)-3-Hydroxybutyryl-CoA	1	-8.2095	1	1	21.273	0.10379	0.45314	21.273	0.043912	0.26682	0	NA	NA	NA	1	21.273	0.047904	0.27417
(S)-3-Hydroxyhexadecanoyl-CoA	1	-8.2095	1	1	21.273	0.10379	0.45314	21.273	0.043912	0.26682	0	NA	NA	NA	1	21.273	0.047904	0.27417
(S)-3-Hydroxyoctadecanoyl-CoA	1	-8.2095	1	1	21.273	0.10379	0.45314	21.273	0.043912	0.26682	0	NA	NA	NA	1	21.273	0.047904	0.27417
(S)-3-Hydroxytetradecanoyl-CoA	1	-8.2095	1	1	21.273	0.10379	0.45314	21.273	0.043912	0.26682	0	NA	NA	NA	1	21.273	0.047904	0.27417
Trans-Hexadec-2-enoyl-CoA	1	-8.2095	1	1	21.273	0.10379	0.45314	21.273	0.043912	0.26682	0	NA	NA	NA	1	21.273	0.047904	0.27417
Trans-Octadec-2-enoyl-CoA	1	-8.2095	1	1	21.273	0.10379	0.45314	21.273	0.043912	0.26682	0	NA	NA	NA	1	21.273	0.047904	0.27417
Trans-Tetradec-2-enoyl-CoA	1	-8.2095	1	1	21.273	0.10379	0.45314	21.273	0.043912	0.26682	0	NA	NA	NA	1	21.273	0.047904	0.27417
L-Histidyl-tRNA(His)	1	4.305	0.18762	0.58847	-4.305	0.81637	1	4.149	0.4012	0.70678	1	4.149	0.33134	0.71923	0	NA	NA	NA
tRNA(His)	1	4.305	0.18762	0.58847	-4.305	0.81637	1	4.149	0.4012	0.70678	1	4.149	0.33134	0.71923	0	NA	NA	NA
(R)-5-Phosphomevalonate	2	-7.1397	0.93812	1	7.1397	0.17764	0.6235	6.9435	0.32934	0.65412	0	NA	NA	NA	2	6.9435	0.4012	0.64323
(R)-5-Diphosphomevalonate	2	-5.6607	0.9002	1	5.6607	0.19561	0.64246	5.4244	0.4511	0.75551	0	NA	NA	NA	2	5.4244	0.48104	0.698
O-Succinylbenzoyl-CoA	2	-5.1237	0.87425	1	5.1237	0.21557	0.67696	4.8635	0.50499	0.78542	0	NA	NA	NA	2	4.8635	0.52894	0.74325
o-Succinylbenzoate	1	-3.3827	0.75649	1	3.3827	0.24551	0.70881	3.1874	0.47106	0.7622	0	NA	NA	NA	1	3.1874	0.43912	0.66576
1,4-Dihydroxy-2-naphthoate	3	-5.1563	0.86028	1	5.1563	0.26148	0.72285	3.9551	0.69062	0.8493	0	NA	NA	NA	3	3.9551	0.76048	0.90858
1,4-Dihydroxy-2-naphthoyl-CoA	2	-6.2772	0.91417	1	6.2772	0.18962	0.64246	6.0597	0.37924	0.69544	0	NA	NA	NA	2	6.0597	0.44112	0.66576
4-(1-D-Ribitylamino)-5-aminouracil	5	2.57	0.2994	0.74907	-2.57	0.77046	1	7.3191	0.60878	0.84387	2	8.0907	0.23154	0.67294	3	2.8429	0.85429	0.943
6,7-Dimethyl-8-(1-D-ribityl)lumazine	2	-2.4224	0.65669	1	2.4224	0.37525	0.8956	1.8917	0.83832	0.9298	0	NA	NA	NA	2	1.8917	0.8503	0.943
5-Amino-6-(5-phosphoribitylamino)uracil	4	3.7892	0.18363	0.58436	-3.7892	0.8523	1	7.4562	0.49701	0.78148	2	8.0907	0.23154	0.67294	2	2.454	0.78842	0.90858
5-Amino-6-(5-phosphoribosylamino)uracil	1	-1.5941	0.63673	1	1.5941	0.36527	0.88655	1.2217	0.71058	0.8493	0	NA	NA	NA	1	1.2217	0.75449	0.90858
3-Phospho-D-glyceroyl phosphate	2	-0.9144	0.55689	0.99207	0.9144	0.46307	0.98095	-0.064855	0.96806	0.9872	0	NA	NA	NA	2	-0.064855	0.97006	0.99634
adenine ribotide phosphate (7-(5-phospho--D-ribosyl)adenine)	2	-6.7201	0.93214	1	6.7201	0.17764	0.6235	6.5133	0.34331	0.6689	0	NA	NA	NA	2	6.5133	0.42116	0.66507
Hydroxymethylbilane	3	-9.7402	0.99002	1	17.283	0.023952	0.19712	10.444	0.21158	0.55978	0	NA	NA	NA	3	10.444	0.28743	0.52199
Uroporphyrinogen III	3	-9.3434	0.98204	1	16.886	0.031936	0.24587	10.036	0.23154	0.5859	0	NA	NA	NA	3	10.036	0.32335	0.56674
Co-alpha-[alpha-(adenin-9-yl)]-Co-beta-adenosylcobamide 5-phosphate	2	-5.5551	0.89222	1	5.5551	0.1976	0.64311	5.3146	0.45709	0.75632	0	NA	NA	NA	2	5.3146	0.48503	0.69964
Pseudo Coenzyme B12 (Co-alpha-[alpha-(adenin-7-yl)]-Co-beta-adenosylcobamide)	1	-3.9576	0.77844	1	3.9576	0.22355	0.69897	3.7888	0.42715	0.73798	0	NA	NA	NA	1	3.7888	0.39321	0.63781
Adenosine-GDP-cobinamide	2	-5.7389	0.9002	1	5.7389	0.19561	0.64246	5.5053	0.44511	0.75551	0	NA	NA	NA	2	5.5053	0.47505	0.69343
Adenosyl cobinamide	4	-6.9915	0.94411	1	20.055	0.031936	0.24587	20.35	0.017964	0.16304	1	6.5509	0.18363	0.6332	3	19.717	0.037924	0.27272
Adenosyl cobinamide phosphate	2	-8.7873	0.97206	1	18.025	0.025948	0.20875	9.1051	0.22954	0.5859	0	NA	NA	NA	2	9.1051	0.28144	0.52199
L-Glutamate 1-semialdehyde	2	-7.5668	0.9501	1	7.5668	0.17764	0.6235	7.3874	0.29341	0.62058	0	NA	NA	NA	2	7.3874	0.36926	0.61839
Porphobilinogen	2	-7.0608	0.93812	1	7.0608	0.17764	0.6235	6.8691	0.33733	0.66083	0	NA	NA	NA	2	6.8691	0.40918	0.65389
Sirohydrochlorin	3	-11.977	0.998	1	27.062	0.003992	0.062137	13.171	0.13772	0.42748	0	NA	NA	NA	3	13.171	0.17964	0.45874
Sirochlorin	1	-4.3258	0.79441	1	4.3258	0.20758	0.65766	4.1704	0.4012	0.70678	0	NA	NA	NA	1	4.1704	0.36128	0.60919
Precorrin 2	2	-8.8638	0.97405	1	18.101	0.023952	0.19712	9.6686	0.20359	0.54878	0	NA	NA	NA	2	9.6686	0.26148	0.52199
Siroheme	1	-4.3258	0.79441	1	4.3258	0.20758	0.65766	4.1704	0.4012	0.70678	0	NA	NA	NA	1	4.1704	0.36128	0.60919
Adenosyl cobyrinate diamide	3	-4.2816	0.82236	1	11.824	0.12375	0.5243	19.381	0.027944	0.21315	1	6.5509	0.18363	0.6332	2	19.104	0.02994	0.24001
adenosyl-cobyric acid	2	-9.9486	0.98603	1	19.186	0.015968	0.14472	10.297	0.16966	0.48647	0	NA	NA	NA	2	10.297	0.23154	0.51936
cobalt-precorrin2	2	-11.61	1	1	30.085	0.005988	0.062137	13.01	0.10579	0.38699	0	NA	NA	NA	2	13.01	0.18563	0.45874
Cobalt-precorrin 3	2	-11.61	1	1	30.085	0.005988	0.062137	13.939	0.091816	0.37464	0	NA	NA	NA	2	13.939	0.16367	0.44219
Precorrin 3A	1	-8.2095	1	1	21.273	0.10379	0.45314	9.503	0.14571	0.43896	0	NA	NA	NA	1	9.503	0.15968	0.43867
Cobalt-precorrin2	1	-8.2095	1	1	21.273	0.10379	0.45314	9.503	0.14571	0.43896	0	NA	NA	NA	1	9.503	0.15968	0.43867
Cobalt-dihydro-precorrin 6	3	-14.219	1	1	36.847	0.001996	0.044661	16.633	0.055888	0.30357	0	NA	NA	NA	3	16.633	0.087824	0.33528
Cobalt-precorrin 6	3	-14.219	1	1	36.847	0.001996	0.044661	16.177	0.065868	0.34223	0	NA	NA	NA	3	16.177	0.095808	0.34704
Cobalt-precorrin 4	2	-11.61	1	1	30.085	0.005988	0.062137	14.569	0.083832	0.37464	0	NA	NA	NA	2	14.569	0.1497	0.42314
Precorrin 4	2	-11.61	1	1	30.085	0.005988	0.062137	14.569	0.083832	0.37464	0	NA	NA	NA	2	14.569	0.1497	0.42314
Precorrin 3B	1	-8.2095	1	1	21.273	0.10379	0.45314	10.209	0.12974	0.42092	0	NA	NA	NA	1	10.209	0.13772	0.40328
Cobalt-precorrin 5	3	-14.219	1	1	36.847	0.001996	0.044661	16.465	0.061876	0.32863	0	NA	NA	NA	3	16.465	0.08982	0.33528
Cobalt-precorrin 5A	1	-8.2095	1	1	21.273	0.10379	0.45314	9.3928	0.14571	0.43896	0	NA	NA	NA	1	9.3928	0.16168	0.44168
Cobalt-precorrin 5B	2	-11.61	1	1	30.085	0.005988	0.062137	12.816	0.10778	0.38835	0	NA	NA	NA	2	12.816	0.18762	0.45874
precorrin 5	1	-8.2095	1	1	21.273	0.10379	0.45314	10.394	0.12375	0.4127	0	NA	NA	NA	1	10.394	0.12575	0.37725
Cobalt-precorrin 8	3	-14.219	1	1	36.847	0.001996	0.044661	16.373	0.063872	0.33428	0	NA	NA	NA	3	16.373	0.08982	0.33528
Cobalt-precorrin 7	2	-11.61	1	1	30.085	0.005988	0.062137	13.375	0.0998	0.37464	0	NA	NA	NA	2	13.375	0.17764	0.45874
Cobyrinate	2	-11.61	1	1	30.085	0.005988	0.062137	12.647	0.10778	0.38835	0	NA	NA	NA	2	12.647	0.18762	0.45874
Precorrin 8X	1	-8.2095	1	1	21.273	0.10379	0.45314	9.4442	0.14571	0.43896	0	NA	NA	NA	1	9.4442	0.15968	0.43867
Hydrogenobyrinate	2	-11.61	1	1	30.085	0.005988	0.062137	12.647	0.10778	0.38835	0	NA	NA	NA	2	12.647	0.18762	0.45874
D-1-Aminopropan-2-ol O-phosphate	2	-11.61	1	1	30.085	0.005988	0.062137	13.195	0.0998	0.37464	0	NA	NA	NA	2	13.195	0.18363	0.45874
Cob(II)yrinate a,c diamide	2	-11.61	1	1	30.085	0.005988	0.062137	17.982	0.02994	0.22362	0	NA	NA	NA	2	17.982	0.057884	0.2775
Hydrogenobyrinate a,c diamide	1	-8.2095	1	1	21.273	0.10379	0.45314	8.4412	0.16567	0.48091	0	NA	NA	NA	1	8.4412	0.17764	0.45874
L-Threonine phosphate	1	-8.2095	1	1	21.273	0.10379	0.45314	9.8431	0.13573	0.42748	0	NA	NA	NA	1	9.8431	0.1497	0.42314
Cobinamide	2	-1.1002	0.56886	0.99207	10.338	0.1477	0.57476	19.675	0.011976	0.12628	1	6.5509	0.18363	0.6332	1	21.273	0.047904	0.27417
Cob(I)alamin	2	-1.1002	0.56886	0.99207	10.338	0.1477	0.57476	19.675	0.011976	0.12628	1	6.5509	0.18363	0.6332	1	21.273	0.047904	0.27417
Cob(I)yrinate a,c diamide	3	-5.6381	0.88224	1	20.723	0.017964	0.15879	25.873	0.003992	0.068149	1	6.5509	0.18363	0.6332	2	27.056	0.00998	0.12513
Cobamide coenzyme	2	-1.1002	0.56886	0.99207	10.338	0.1477	0.57476	19.675	0.011976	0.12628	1	6.5509	0.18363	0.6332	1	21.273	0.047904	0.27417
Reduced FMN	1	-8.2095	1	1	21.273	0.10379	0.45314	16.99	0.051896	0.28845	0	NA	NA	NA	1	16.99	0.057884	0.2775
2-methylpropanal	1	-8.2095	1	1	21.273	0.10379	0.45314	21.273	0.043912	0.26682	0	NA	NA	NA	1	21.273	0.047904	0.27417
2-methylpropanol	1	-8.2095	1	1	21.273	0.10379	0.45314	21.273	0.043912	0.26682	0	NA	NA	NA	1	21.273	0.047904	0.27417
alpha-D-Galactose 1-phosphate	2	-11.61	1	1	30.085	0.005988	0.062137	16.441	0.043912	0.26682	0	NA	NA	NA	2	16.441	0.091816	0.33758
L-Homoserine	3	0.31952	0.48104	0.95539	7.2229	0.20758	0.65766	11.706	0.17365	0.48827	2	5.9779	0.37725	0.75848	1	11.822	0.11178	0.36523
D-Mannitol 1-phosphate	1	3.3253	0.24152	0.66255	-3.3253	0.76248	1	3.1269	0.47305	0.7622	1	3.1269	0.42315	0.78867	0	NA	NA	NA
2-Phosphoglycolate	1	-4.4807	0.80838	1	4.4807	0.19361	0.64246	4.3305	0.38323	0.69918	0	NA	NA	NA	1	4.3305	0.3493	0.59515
Glycolate	1	-4.4807	0.80838	1	4.4807	0.19361	0.64246	4.3305	0.38323	0.69918	0	NA	NA	NA	1	4.3305	0.3493	0.59515
D-Fructose 1-phosphate	2	-2.0176	0.63872	1	2.0176	0.39122	0.9154	3.9537	0.62076	0.84387	1	1.2609	0.66068	0.87536	1	4.3305	0.3493	0.59515
all-trans-Heptaprenyl diphosphate	1	-6.0601	0.86028	1	6.0601	0.14571	0.57476	5.9477	0.26946	0.60565	0	NA	NA	NA	1	5.9477	0.26347	0.52199
all-trans-Hexaprenyl diphosphate	1	-6.0601	0.86028	1	6.0601	0.14571	0.57476	5.9477	0.26946	0.60565	0	NA	NA	NA	1	5.9477	0.26347	0.52199
All-trans-Octaprenyl diphosphate	2	-4.3231	0.81437	1	4.3231	0.25349	0.7174	2.99	0.71457	0.8493	0	NA	NA	NA	2	2.99	0.74251	0.90546
2-Carboxy-2,5-dihydro-5-oxofuran-2-acetate	1	-3.1435	0.7505	1	3.1435	0.2515	0.7174	2.9347	0.48902	0.77917	0	NA	NA	NA	1	2.9347	0.46307	0.68206
5-Oxo-4,5-dihydrofuran-2-acetate	1	-3.1435	0.7505	1	3.1435	0.2515	0.7174	2.9347	0.48902	0.77917	0	NA	NA	NA	1	2.9347	0.46307	0.68206
Oxidized glutathione	1	-8.2095	1	1	21.273	0.10379	0.45314	18.868	0.047904	0.27478	0	NA	NA	NA	1	18.868	0.053892	0.2775
4-Aminobenzoate	1	0.47786	0.45309	0.92975	-0.47786	0.5489	1	-0.33915	0.91018	0.95689	1	-0.33915	0.89421	0.93661	0	NA	NA	NA
6-hydroxymethyl-dihydropterin pyrophosphate	1	0.47786	0.45309	0.92975	-0.47786	0.5489	1	-0.33915	0.91018	0.95689	1	-0.33915	0.89421	0.93661	0	NA	NA	NA
Acyl-CoA	2	2.4445	0.28743	0.7272	-2.4445	0.72854	1	1.9428	0.83433	0.9298	2	1.9428	0.7984	0.93661	0	NA	NA	NA
tRNA containing 6-isopentenyladenosine	1	-2.6928	0.72255	1	2.6928	0.27944	0.74104	2.4529	0.54092	0.80761	0	NA	NA	NA	1	2.4529	0.53693	0.7459
tRNA adenine	1	-2.6928	0.72255	1	2.6928	0.27944	0.74104	2.4529	0.54092	0.80761	0	NA	NA	NA	1	2.4529	0.53693	0.7459
Molybdate	1	-5.5129	0.83633	1	5.5129	0.16567	0.62104	5.3896	0.3014	0.62871	0	NA	NA	NA	1	5.3896	0.28144	0.52199
Adenylated molybdopterin	1	-5.5129	0.83633	1	5.5129	0.16567	0.62104	5.3896	0.3014	0.62871	0	NA	NA	NA	1	5.3896	0.28144	0.52199
Molybdoenzyme molybdenum cofactor	3	-10.484	0.99601	1	10.484	0.15768	0.607	10.288	0.21557	0.56825	0	NA	NA	NA	3	10.288	0.30339	0.53949
Guanylyl molybdenum cofactor	1	-6.1675	0.86427	1	6.1675	0.13772	0.56029	6.0569	0.26547	0.60235	0	NA	NA	NA	1	6.0569	0.2475	0.52199
moldybdopterin_guanine_dinucleotide	2	-8.9422	0.97405	1	8.9422	0.17166	0.6235	8.7895	0.24152	0.5859	0	NA	NA	NA	2	8.7895	0.28942	0.52199
Sulfur-carrier protein	1	-8.2095	1	1	21.273	0.10379	0.45314	17.925	0.0499	0.27952	0	NA	NA	NA	1	17.925	0.057884	0.2775
Thiocarboxy-[sulfur-carrier protein]	1	-8.2095	1	1	21.273	0.10379	0.45314	17.925	0.0499	0.27952	0	NA	NA	NA	1	17.925	0.057884	0.2775
cPMP	2	-6.6824	0.93214	1	15.92	0.061876	0.40645	13.234	0.0998	0.37464	0	NA	NA	NA	2	13.234	0.17964	0.45874
Molybdopterin	1	-8.2095	1	1	21.273	0.10379	0.45314	17.925	0.0499	0.27952	0	NA	NA	NA	1	17.925	0.057884	0.2775
Chenodeoxycholate	1	1.5049	0.36727	0.82176	-1.5049	0.63473	1	1.1154	0.72255	0.8493	1	1.1154	0.6986	0.87536	0	NA	NA	NA
Deoxycholic acid	1	1.5049	0.36727	0.82176	-1.5049	0.63473	1	1.1154	0.72255	0.8493	1	1.1154	0.6986	0.87536	0	NA	NA	NA
Glycochenodeoxycholate	1	1.5049	0.36727	0.82176	-1.5049	0.63473	1	1.1154	0.72255	0.8493	1	1.1154	0.6986	0.87536	0	NA	NA	NA
Glycodeoxycholate	1	1.5049	0.36727	0.82176	-1.5049	0.63473	1	1.1154	0.72255	0.8493	1	1.1154	0.6986	0.87536	0	NA	NA	NA
Taurochenodeoxycholate	1	1.5049	0.36727	0.82176	-1.5049	0.63473	1	1.1154	0.72255	0.8493	1	1.1154	0.6986	0.87536	0	NA	NA	NA
Taurodeoxycholate	1	1.5049	0.36727	0.82176	-1.5049	0.63473	1	1.1154	0.72255	0.8493	1	1.1154	0.6986	0.87536	0	NA	NA	NA
Taurine	1	1.5049	0.36727	0.82176	-1.5049	0.63473	1	1.1154	0.72255	0.8493	1	1.1154	0.6986	0.87536	0	NA	NA	NA
Taurocholate	1	1.5049	0.36727	0.82176	-1.5049	0.63473	1	1.1154	0.72255	0.8493	1	1.1154	0.6986	0.87536	0	NA	NA	NA
Glycocholate	1	1.5049	0.36727	0.82176	-1.5049	0.63473	1	1.1154	0.72255	0.8493	1	1.1154	0.6986	0.87536	0	NA	NA	NA
Cholic acid	1	1.5049	0.36727	0.82176	-1.5049	0.63473	1	1.1154	0.72255	0.8493	1	1.1154	0.6986	0.87536	0	NA	NA	NA
L-Histidinol phosphate	1	1.7651	0.3513	0.82176	-1.7651	0.6507	1	1.4217	0.69261	0.8493	1	1.4217	0.62675	0.87516	0	NA	NA	NA
L-Histidinol	1	1.7651	0.3513	0.82176	-1.7651	0.6507	1	1.4217	0.69261	0.8493	1	1.4217	0.62675	0.87516	0	NA	NA	NA
ADP-glucose	1	NA	NA	NA	NA	NA	NA	-8.2095	1	1	0	NA	NA	NA	0	NA	NA	NA
Oxalyl-CoA	3	-2.0994	0.66068	1	2.0994	0.40719	0.9216	0.93692	0.93214	0.97284	0	NA	NA	NA	3	0.93692	0.96407	0.99634
Formyl-CoA	2	-1.3591	0.58882	1	1.3591	0.43513	0.95568	0.18402	0.95808	0.98544	0	NA	NA	NA	2	0.18402	0.95609	0.99634
Formyl-CoA(4-)	2	-2.4628	0.66068	1	2.4628	0.37126	0.89201	1.9718	0.82834	0.92734	0	NA	NA	NA	2	1.9718	0.83633	0.94015
O-Phospho-L-homoserine	2	7.8302	0.075848	0.45256	-7.8302	0.95808	1	7.6437	0.28343	0.61945	2	7.6437	0.25948	0.68339	0	NA	NA	NA
2-Hydroxymuconate	1	-0.21873	0.53094	0.98998	0.21873	0.47305	0.98305	-0.94185	0.96008	0.98544	0	NA	NA	NA	1	-0.94185	0.98004	0.99634
gamma-Oxalocrotonate	1	-0.21873	0.53094	0.98998	0.21873	0.47305	0.98305	-0.94185	0.96008	0.98544	0	NA	NA	NA	1	-0.94185	0.98004	0.99634
(8S)-3,8-Cyclo-7,8-dihydroguanosine 5-triphosphate	2	-6.6824	0.93214	1	15.92	0.061876	0.40645	8.1178	0.25549	0.59283	0	NA	NA	NA	2	8.1178	0.32136	0.56527
Reduced acceptor	1	-8.2095	1	1	21.273	0.10379	0.45314	10.69	0.12176	0.4127	0	NA	NA	NA	1	10.69	0.12176	0.37212
Hydrogen-acceptor	1	-8.2095	1	1	21.273	0.10379	0.45314	10.69	0.12176	0.4127	0	NA	NA	NA	1	10.69	0.12176	0.37212
5-Deoxyadenosine	1	-8.2095	1	1	21.273	0.10379	0.45314	10.69	0.12176	0.4127	0	NA	NA	NA	1	10.69	0.12176	0.37212
Cyclomaltodextrin	1	-8.2095	1	1	21.273	0.10379	0.45314	13.401	0.085828	0.37464	0	NA	NA	NA	1	13.401	0.087824	0.33528
Maltodextrin	1	-8.2095	1	1	21.273	0.10379	0.45314	13.401	0.085828	0.37464	0	NA	NA	NA	1	13.401	0.087824	0.33528
Maltohexaose	1	-8.2095	1	1	21.273	0.10379	0.45314	13.401	0.085828	0.37464	0	NA	NA	NA	1	13.401	0.087824	0.33528
Maltopentaose	1	-8.2095	1	1	21.273	0.10379	0.45314	13.401	0.085828	0.37464	0	NA	NA	NA	1	13.401	0.087824	0.33528
Maltotriose C18H32O16	1	-8.2095	1	1	21.273	0.10379	0.45314	13.401	0.085828	0.37464	0	NA	NA	NA	1	13.401	0.087824	0.33528
Maltotetraose	1	-8.2095	1	1	21.273	0.10379	0.45314	13.401	0.085828	0.37464	0	NA	NA	NA	1	13.401	0.087824	0.33528
all-trans-Polyprenyl diphosphate	1	-0.053655	0.51497	0.97031	0.053655	0.48703	0.99472	-1.7192	0.97206	0.9872	0	NA	NA	NA	1	-1.7192	0.99401	0.998
Acetyl-maltose	2	-0.1849	0.48503	0.95667	0.1849	0.52894	1	3.1855	0.69661	0.8493	1	2.1101	0.5489	0.87516	1	2.3949	0.53892	0.74655
Nitrite	5	-18.357	1	1	47.569	0.001996	0.044661	33.403	0.001996	0.043368	0	NA	NA	NA	5	33.403	0.003992	0.078084
Nitrate	4	-16.419	1	1	42.547	0.001996	0.044661	28.984	0.001996	0.043368	0	NA	NA	NA	4	28.984	0.005988	0.091504
Oxalate	1	-1.7141	0.65269	1	1.7141	0.3493	0.85651	1.3625	0.7006	0.8493	0	NA	NA	NA	1	1.3625	0.73453	0.90475
D-Serine	3	4.9773	0.16168	0.55654	-4.9773	0.87026	1	6.8818	0.4012	0.70678	2	7.2782	0.27146	0.68523	1	1.6267	0.69661	0.87568
Undecaprenol-diphosphate-glucose	1	2.4348	0.28743	0.7272	-2.4348	0.71457	1	2.1727	0.58483	0.83199	1	2.1727	0.54092	0.87516	0	NA	NA	NA
teichoic_acid_containing_ribitol_P	1	0.18608	0.48902	0.95667	-0.18608	0.51697	1	-1.0467	0.96208	0.98544	1	-1.0467	0.95409	0.97471	0	NA	NA	NA
ribitol_teichoic_acid__n25__with_glucose_substitutions	1	0.18608	0.48902	0.95667	-0.18608	0.51697	1	-1.0467	0.96208	0.98544	1	-1.0467	0.95409	0.97471	0	NA	NA	NA
Alpha,alpha-Trehalose 6-phosphate	1	0.38559	0.46108	0.92995	-0.38559	0.54092	1	-0.52384	0.92216	0.96665	1	-0.52384	0.90818	0.93888	0	NA	NA	NA
Lipoyl-AMP	1	-8.2095	1	1	21.273	0.10379	0.45314	13.094	0.091816	0.37464	0	NA	NA	NA	1	13.094	0.08982	0.33528
Lipoate	1	-8.2095	1	1	21.273	0.10379	0.45314	13.094	0.091816	0.37464	0	NA	NA	NA	1	13.094	0.08982	0.33528
L-2-Amino-3-oxobutanoate	1	3.9729	0.20359	0.60237	-3.9729	0.7984	1	3.8047	0.42515	0.73631	1	3.8047	0.36727	0.75188	0	NA	NA	NA
2-Aminomalonate semialdehyde	1	3.9729	0.20359	0.60237	-3.9729	0.7984	1	3.8047	0.42515	0.73631	1	3.8047	0.36727	0.75188	0	NA	NA	NA
SufBCD with two bound [2Fe-2S] clusters	2	-8.975	0.97405	1	8.975	0.17166	0.6235	8.8178	0.23752	0.5859	0	NA	NA	NA	2	8.8178	0.28942	0.52199
SufBCD with bound [4Fe-4S] cluster	2	-8.975	0.97405	1	8.975	0.17166	0.6235	8.8178	0.23752	0.5859	0	NA	NA	NA	2	8.8178	0.28942	0.52199
Levan_L	1	2.6151	0.27944	0.72225	-2.6151	0.72655	1	2.3689	0.55689	0.81989	1	2.3689	0.52295	0.87317	0	NA	NA	NA
Levan	1	2.6151	0.27944	0.72225	-2.6151	0.72655	1	2.3689	0.55689	0.81989	1	2.3689	0.52295	0.87317	0	NA	NA	NA
