Name	Genes (tot)	Stat (dist.dir.up)	p (dist.dir.up)	p adj (dist.dir.up)	Stat (dist.dir.dn)	p (dist.dir.dn)	p adj (dist.dir.dn)	Stat (non-dir.)	p (non-dir.)	p adj (non-dir.)	Genes (up)	Stat (mix.dir.up)	p (mix.dir.up)	p adj (mix.dir.up)	Genes (down)	Stat (mix.dir.dn)	p (mix.dir.dn)	p adj (mix.dir.dn)
Alanine metabolism	2	-1.1732	0.58882	0.91091	1.1732	0.43713	0.86089	2.5711	0.7525	0.86424	1	0.88236	0.74251	0.93147	1	2.7537	0.52295	0.77565
Alanine, aspartate and glutamate metabolism	18	20.668	0.001996	0.041916	-0.99125	0.82635	0.96913	37.212	0.001996	0.012575	12	33.751	0.001996	0.027944	6	16.723	0.17964	0.4736
Amino sugar and nucleotide sugar metabolism	6	1.2749	0.38723	0.76235	-1.2749	0.71657	0.9213	5.5946	0.83832	0.91008	4	3.8746	0.82036	0.9372	2	4.2106	0.59681	0.79196
Aminoacyl-tRNA biosynthesis	22	12.546	0.013972	0.17605	-12.546	1	1	12.019	0.95609	0.97759	19	13.068	0.75848	0.93147	3	-0.33877	0.99401	0.99401
Aminobenzoate degradation	3	1.418	0.3513	0.73772	-1.418	0.67066	0.88024	6.2198	0.50299	0.73694	2	4.5555	0.47305	0.82647	1	4.3305	0.35928	0.63146
Arginine and proline metabolism	1	3.1981	0.22754	0.57341	-3.1981	0.77645	0.95914	2.9925	0.44511	0.71902	1	2.9925	0.47505	0.82647	0	NA	NA	NA
Arginine biosynthesis	9	13.909	0.011976	0.17605	10.509	0.21956	0.69162	46.827	0.001996	0.012575	5	31.944	0.001996	0.027944	4	34.526	0.001996	0.014471
Benzoate degradation	2	-2.3775	0.66467	0.95169	2.3775	0.36926	0.86089	1.4092	0.87226	0.91587	0	NA	NA	NA	2	1.4092	0.89421	0.91396
Biotin metabolism	1	6.3314	0.10978	0.40519	-6.3314	0.89222	0.96913	6.2236	0.21357	0.44405	1	6.2236	0.22355	0.5443	0	NA	NA	NA
Butanoate metabolism	5	-7.4874	0.92216	1	13.33	0.10778	0.48503	12.77	0.26547	0.5068	0	NA	NA	NA	5	12.77	0.34731	0.62949
Cysteine and methionine metabolism	18	6.0191	0.14571	0.46707	9.7534	0.2994	0.8226	24.624	0.06986	0.20577	10	18.659	0.085828	0.3004	8	16.074	0.29741	0.58656
Energy metabolism	1	-2.4411	0.69261	0.96225	2.4411	0.30938	0.8226	2.1797	0.55289	0.74111	0	NA	NA	NA	1	2.1797	0.5988	0.79196
Fatty acid metabolism	14	6.8278	0.095808	0.40519	-2.5033	0.87824	0.96913	17.249	0.35928	0.61175	10	12.075	0.43912	0.82647	4	13.177	0.22954	0.51024
Folate biosynthesis	17	-0.0034812	0.499	0.87325	6.6227	0.44311	0.86089	17.528	0.46707	0.73563	10	9.2022	0.72854	0.93147	7	16.316	0.22555	0.51024
Fructose and mannose metabolism	8	12.943	0.01996	0.17964	-8.3244	0.96806	0.9998	17.494	0.14571	0.35306	6	17.467	0.041916	0.17565	2	4.7358	0.53493	0.77565
Galactose metabolism	14	-15.913	0.998	1	40.354	0.001996	0.020958	34.434	0.001996	0.012575	5	3.7661	0.87026	0.9372	9	40.139	0.001996	0.014471
Glutathione metabolism	2	7.0368	0.093812	0.40519	9.2376	0.16367	0.64446	26.157	0.003992	0.022863	1	18.123	0.023952	0.16145	1	18.868	0.03992	0.17811
Glycerolipid metabolism	22	-9.4041	0.97206	1	29.509	0.003992	0.035928	38.082	0.001996	0.012575	11	7.8488	0.85429	0.9372	11	46.007	0.001996	0.014471
Glycerophospholipid metabolism	5	-1.4205	0.59281	0.91091	1.4205	0.52495	0.86089	5.3179	0.75449	0.86424	2	2.9718	0.67265	0.93147	3	4.439	0.72455	0.91356
Glycine, serine and threonine metabolism	13	9.56	0.047904	0.33533	-4.9742	0.92615	0.98713	17.532	0.3014	0.54251	9	15.369	0.14571	0.42946	4	8.553	0.47904	0.74945
Glycolysis / Gluconeogenesis	34	-16.066	1	1	43.151	0.001996	0.020958	45.324	0.001996	0.012575	11	9.9295	0.67665	0.93147	23	48.239	0.001996	0.014471
Glyoxylate and dicarboxylate metabolism	3	-3.6967	0.73852	0.97193	3.6967	0.37325	0.86089	2.6504	0.8523	0.91008	0	NA	NA	NA	3	2.6504	0.86826	0.91396
Histidine metabolism	1	1.7651	0.33733	0.73281	-1.7651	0.66667	0.88024	1.4217	0.65868	0.8222	1	1.4217	0.67066	0.93147	0	NA	NA	NA
Inositol phosphate metabolism	4	0.97477	0.42515	0.78778	-0.97477	0.63074	0.87477	7.376	0.51697	0.7402	3	4.62	0.59281	0.92216	1	6.75	0.22954	0.51024
Lipoic acid metabolism	2	-5.6734	0.8982	1	14.911	0.065868	0.37725	8.5188	0.21158	0.44405	1	-1.0467	0.96806	0.96806	1	13.094	0.083832	0.28299
Lysine biosynthesis	15	19.897	0.001996	0.041916	-15.333	1	1	27.073	0.051896	0.17208	10	28.914	0.001996	0.027944	5	6.0011	0.80639	0.91396
Nicotinate and Nicotinamide metabolism	8	-0.32547	0.53293	0.90743	9.8911	0.21158	0.69162	15.929	0.20559	0.44405	5	7.2529	0.53892	0.86228	3	16.649	0.087824	0.28299
Nicotinate and nicotinamide metabolism	10	-5.8618	0.88423	1	14.124	0.0998	0.48365	13.123	0.48104	0.73694	3	2.9757	0.78643	0.93147	7	13.737	0.37924	0.64694
Nitrogen metabolism	5	-18.357	1	1	47.569	0.001996	0.020958	35.438	0.001996	0.012575	0	NA	NA	NA	5	35.438	0.001996	0.014471
One carbon pool by folate	8	4.5675	0.21557	0.57341	-4.5675	0.87824	0.96913	7.7987	0.76846	0.86452	5	7.8211	0.48703	0.82647	3	2.6382	0.87026	0.91396
Pantothenate and CoA biosynthesis	6	7.9099	0.083832	0.40519	-6.8596	0.94012	0.98713	7.5068	0.67864	0.8222	5	7.8854	0.48104	0.82647	1	0.75567	0.82036	0.91396
Pentose and glucuronate interconversions	5	6.2353	0.11577	0.40519	0.88292	0.54691	0.86138	15.04	0.15369	0.35862	4	10.608	0.18563	0.49501	1	12.413	0.0998	0.30465
Pentose phosphate pathway	14	-3.4813	0.74052	0.97193	14.718	0.11577	0.48623	21.91	0.0998	0.26198	8	6.2361	0.8523	0.9372	6	26.267	0.015968	0.084195
Peptidoglycan biosynthesis	16	-6.8241	0.92615	1	6.8241	0.40319	0.86089	7.1054	0.98004	0.98004	4	2.7298	0.90419	0.94803	11	9.3986	0.88224	0.91396
Phenylalanine metabolism	8	5.8875	0.15569	0.46707	3.9762	0.45509	0.86089	22.191	0.047904	0.16766	3	22.685	0.003992	0.037259	5	10.497	0.47904	0.74945
Phenylalanine, tyrosine and tryptophan biosynthesis	6	6.9548	0.10579	0.40519	2.5121	0.49301	0.86089	21.736	0.013972	0.062874	3	16.857	0.01996	0.15968	3	13.883	0.1996	0.50334
Polyketide sugar unit biosynthesis	5	-1.1166	0.57884	0.91091	1.1166	0.53293	0.86089	8.4845	0.52894	0.74052	2	5.8524	0.33533	0.73515	3	6.1751	0.6008	0.79196
Porphyrin and chlorophyll metabolism	30	-32.804	1	1	70.966	0.001996	0.020958	42.213	0.001996	0.012575	2	4.762	0.44511	0.82647	28	42.422	0.001996	0.014471
Proline metabolism	5	8.2437	0.061876	0.38982	0.61359	0.56088	0.86184	18.109	0.071856	0.20577	4	13.036	0.11976	0.37259	1	14.421	0.05988	0.23154
Propanoate metabolism	12	-22.245	1	1	56.186	0.001996	0.020958	52.196	0.001996	0.012575	1	0.52507	0.7984	0.93147	11	54.359	0.001996	0.014471
Purine metabolism	51	7.2448	0.10379	0.40519	8.7732	0.52894	0.86089	38.585	0.02994	0.12575	33	22.6	0.34132	0.73515	17	37.334	0.005988	0.038589
Pyrimidine metabolism	49	4.6179	0.22754	0.57341	11.82	0.4012	0.86089	41.437	0.013972	0.062874	25	27.351	0.025948	0.16145	23	33.678	0.031936	0.15436
Pyruvate metabolism	29	2.9587	0.3014	0.69162	20.781	0.057884	0.36467	40.896	0.001996	0.012575	16	21.979	0.055888	0.20865	13	36.698	0.001996	0.014471
Riboflavin metabolism	15	-4.7466	0.82635	1	18.239	0.057884	0.36467	25.932	0.067864	0.20577	4	16.988	0.035928	0.17565	11	20.038	0.23752	0.51024
Selenocompound metabolism	8	1.4054	0.40918	0.78116	3.6474	0.47106	0.86089	14.439	0.28343	0.52518	5	9.5184	0.36128	0.74932	3	11.291	0.30339	0.58656
Starch and sucrose metabolism	8	2.5556	0.30739	0.69162	7.3198	0.31337	0.8226	15.42	0.22355	0.44405	3	15.465	0.041916	0.17565	4	12.519	0.25549	0.52923
Sulfur metabolism	2	4.1774	0.2016	0.57341	-4.1774	0.81836	0.96913	4.741	0.49501	0.73694	1	6.568	0.20758	0.5284	1	0.13681	0.8982	0.91396
TCA cycle	13	12.195	0.017964	0.17964	-2.5871	0.86826	0.96913	21.364	0.10778	0.27162	8	18.997	0.043912	0.17565	5	10.419	0.48703	0.74945
Terpenoid backbone biosynthesis	12	-5.2963	0.88423	1	5.2963	0.43313	0.86089	11.63	0.67265	0.8222	4	5.6634	0.61876	0.93147	8	10.24	0.72255	0.91356
Thiamine metabolism	17	-8.3853	0.9501	1	18.173	0.057884	0.36467	18.522	0.39321	0.65191	6	6.2173	0.72255	0.93147	11	18.435	0.33733	0.62949
Transport	92	17.303	0.001996	0.041916	11.108	0.61677	0.87477	65.348	0.001996	0.012575	53	49.443	0.001996	0.027944	39	42.73	0.015968	0.084195
Tyrosine metabolism	6	11.009	0.023952	0.18862	0.38103	0.6008	0.87477	21.522	0.013972	0.062874	3	22.685	0.003992	0.037259	3	7.7522	0.49102	0.74945
Ubiquinone and other terpenoid-quinone biosynthesis	5	-2.1804	0.6487	0.95169	2.1803	0.47705	0.86089	7.7744	0.57685	0.75711	1	7.3461	0.16367	0.45828	4	5.0189	0.79242	0.91396
Valine, leucine and isoleucine biosynthesis	1	-2.5589	0.70259	0.96225	2.5589	0.3014	0.8226	2.3079	0.54291	0.74111	0	NA	NA	NA	1	2.3079	0.57685	0.79196
Vitamin B6 metabolism	1	-8.2095	1	1	21.273	0.08982	0.47156	11.509	0.093812	0.25696	0	NA	NA	NA	1	11.509	0.11776	0.32525
beta-Alanine metabolism	3	6.8712	0.097804	0.40519	-2.9789	0.77445	0.95914	9.874	0.22555	0.44405	1	14.905	0.031936	0.17565	2	1.5537	0.88423	0.91396
bile acid biosynthesis	1	1.5049	0.36527	0.74232	-1.5049	0.63872	0.87477	1.1154	0.7006	0.83279	1	1.1154	0.71257	0.93147	0	NA	NA	NA
energy metabolism	20	-22.197	1	1	39.724	0.001996	0.020958	28.718	0.033932	0.12575	1	-0.41696	0.91417	0.94803	19	29.559	0.05988	0.23154
peptidoglycan biosynthesis	12	3.1348	0.28543	0.69162	-3.1348	0.86627	0.96913	12.661	0.60479	0.77759	6	11.375	0.26747	0.62409	6	6.5306	0.84032	0.91396
purine metabolism	6	-0.98402	0.55888	0.91091	0.98402	0.57485	0.86228	5.4307	0.84631	0.91008	2	4.2588	0.51896	0.85476	4	3.6398	0.88024	0.91396
pyruvate metabolism	1	0.23129	0.47305	0.8515	-0.23129	0.52894	0.86089	-0.90434	0.96208	0.97759	1	-0.90434	0.95609	0.96806	0	NA	NA	NA
unclassified	23	5.6665	0.1517	0.46707	12.419	0.21557	0.69162	29.301	0.033932	0.12575	14	19.592	0.10579	0.34848	9	22.405	0.081836	0.28299
vitamin B6 metabolism	3	-2.6673	0.66068	0.95169	10.21	0.20758	0.69162	8.3242	0.31537	0.5519	2	2.0566	0.77445	0.93147	1	11.509	0.11776	0.32525
